bottle 0.9307 296 126 351 244
bottle 0.8992 146 96 205 229
bottle 0.8118 205 80 257 214
bottle 0.8002 98 43 146 185
bottle 0.4661 340 125 397 255
bottle 0.4521 250 125 304 251
bottle 0.4456 16 49 72 150
bottle 0.3824 70 59 104 147
chair 0.3426 303 242 373 322
bottle 0.3372 167 82 222 219
bottle 0.3215 28 65 97 199
bottle 0.2943 95 42 132 111
bottle 0.2424 122 4 163 100
bottle 0.2346 72 46 122 187
chair 0.1907 236 257 320 328
bottle 0.1512 118 23 161 163
bottle 0.1281 305 123 350 187
bottle 0.1263 80 44 119 91
bottle 0.1147 77 31 142 122
person 0.0998 296 234 382 328
bottle 0.0982 150 79 186 201
chair 0.0935 408 131 493 217
bottle 0.0850 223 109 274 240
bottle 0.0766 115 71 167 207
bottle 0.0764 110 20 146 96
bottle 0.0698 280 116 331 237
chair 0.0684 411 204 493 329
bottle 0.0648 60 56 85 140
person 0.0619 119 1 163 100
bottle 0.0610 137 81 165 187
bottle 0.0546 33 49 75 116
bottle 0.0537 103 60 137 133
bottle 0.0536 85 63 124 97
bottle 0.0503 9 63 40 208
