boat 0.9075 7 137 382 278
car 0.5097 20 187 88 220
car 0.4165 371 195 434 231
bird 0.3345 408 259 470 292
car 0.3174 336 189 413 227
car 0.1976 47 192 102 222
car 0.1813 332 176 398 216
bus 0.1573 3 159 66 215
car 0.1337 414 193 465 230
car 0.1159 68 184 130 217
car 0.1057 54 156 124 191
person 0.0926 166 172 210 217
car 0.0817 348 186 437 251
car 0.0767 292 199 349 228
boat 0.0761 333 205 438 272
car 0.0682 97 185 146 222
car 0.0682 7 175 61 217
car 0.0652 323 192 382 225
car 0.0545 314 187 369 214
person 0.0536 171 188 203 228
