boat 0.7623 135 109 163 201
boat 0.7429 309 40 359 225
boat 0.7379 177 113 202 198
boat 0.7318 390 40 433 228
boat 0.6087 217 113 240 184
boat 0.5406 328 33 375 223
boat 0.4940 211 119 231 183
boat 0.4538 116 120 140 195
boat 0.4383 232 102 256 182
boat 0.3553 189 119 212 185
boat 0.3485 294 106 316 194
boat 0.3356 304 209 367 237
boat 0.3298 353 126 378 198
boat 0.2954 146 122 172 192
boat 0.2736 285 41 325 217
boat 0.2700 126 97 154 197
boat 0.2644 242 112 263 183
boat 0.2516 358 42 403 225
boat 0.2140 130 108 194 203
person 0.1951 396 181 429 222
boat 0.1896 176 156 200 206
boat 0.1839 232 47 267 197
boat 0.1764 398 113 425 214
boat 0.1547 263 42 298 202
boat 0.1319 215 146 234 179
boat 0.1312 320 104 347 208
boat 0.1293 292 135 311 183
boat 0.1167 258 117 275 166
boat 0.1117 192 144 211 179
boat 0.1115 170 105 193 189
boat 0.1055 313 64 336 190
boat 0.1033 178 76 214 206
boat 0.0992 203 101 257 187
boat 0.0966 110 136 128 190
boat 0.0952 338 79 364 197
boat 0.0896 433 41 477 222
boat 0.0839 172 110 229 189
boat 0.0811 313 126 333 207
person 0.0776 413 193 431 222
boat 0.0764 221 164 235 186
boat 0.0757 210 51 246 200
boat 0.0734 259 142 271 169
boat 0.0723 283 141 293 170
boat 0.0717 279 113 296 168
boat 0.0715 312 196 359 227
boat 0.0700 358 82 384 185
person 0.0700 314 188 357 223
boat 0.0679 172 187 197 211
boat 0.0678 194 152 206 186
boat 0.0675 410 128 434 201
boat 0.0674 153 185 193 210
person 0.0668 320 191 343 218
boat 0.0664 317 134 381 214
boat 0.0657 138 159 163 199
boat 0.0650 235 138 257 179
boat 0.0650 395 130 416 201
boat 0.0642 235 178 264 201
boat 0.0633 89 122 147 198
person 0.0614 422 202 433 223
boat 0.0593 323 153 345 202
boat 0.0576 350 157 374 204
boat 0.0572 216 169 244 194
boat 0.0569 404 31 452 218
boat 0.0558 343 135 363 197
boat 0.0554 154 178 183 201
boat 0.0538 342 86 397 195
person 0.0532 427 204 437 226
boat 0.0526 225 172 255 197
boat 0.0525 200 161 212 185
boat 0.0518 146 143 189 179
boat 0.0518 147 154 170 189
boat 0.0517 414 158 430 205
boat 0.0501 131 144 157 190
