person 0.9972 368 45 470 265
sofa 0.9897 195 109 351 235
person 0.9864 95 231 203 319
person 0.9555 194 214 353 321
chair 0.9023 8 192 87 308
person 0.7056 113 177 194 269
person 0.5895 184 97 246 215
chair 0.5741 331 260 489 318
chair 0.4508 346 180 435 276
chair 0.3482 32 251 102 323
person 0.2792 7 206 107 318
person 0.2541 193 95 234 175
chair 0.1787 238 257 319 322
diningtable 0.1536 325 262 487 319
person 0.1504 194 211 272 281
pottedplant 0.1453 179 19 259 112
person 0.1450 41 252 160 326
person 0.1329 132 147 203 251
dog 0.1249 113 177 194 269
person 0.1228 175 116 200 209
chair 0.1163 355 213 480 283
person 0.1013 140 238 193 319
person 0.0860 125 149 176 196
person 0.0853 197 155 354 266
person 0.0788 417 60 497 153
tvmonitor 0.0733 63 157 106 200
chair 0.0720 361 99 475 267
person 0.0692 95 247 155 317
chair 0.0661 344 127 434 237
person 0.0659 171 105 339 239
person 0.0643 186 132 218 213
person 0.0639 188 225 254 320
chair 0.0637 1 230 37 300
tvmonitor 0.0635 396 30 458 113
person 0.0617 148 124 210 220
person 0.0602 167 130 236 233
chair 0.0585 185 108 345 244
pottedplant 0.0584 207 35 248 113
person 0.0521 175 107 192 171
