sheep 0.9816 2 265 79 325
sheep 0.9714 230 269 289 317
sheep 0.9452 179 273 235 360
sheep 0.2162 29 253 47 265
sheep 0.2115 46 253 63 266
sheep 0.1972 60 254 75 268
sheep 0.1674 329 257 343 268
sheep 0.1609 133 257 174 278
sheep 0.1593 20 252 37 266
sheep 0.1522 338 257 352 268
sheep 0.1487 39 253 55 265
sheep 0.1418 349 258 361 269
sheep 0.1402 30 259 70 282
sheep 0.1374 316 256 331 267
sheep 0.1373 353 257 365 268
sheep 0.1237 301 254 316 267
sheep 0.1235 334 255 344 264
sheep 0.1223 15 255 32 268
sheep 0.1219 25 258 41 270
sheep 0.1181 76 253 86 264
sheep 0.1181 321 255 332 264
sheep 0.1155 293 254 306 266
sheep 0.1140 225 270 247 294
sheep 0.1132 251 257 266 269
sheep 0.1114 346 254 357 266
sheep 0.1112 350 255 360 264
sheep 0.1100 70 254 80 263
sheep 0.1089 20 256 47 278
sheep 0.1057 31 266 79 305
sheep 0.1052 65 248 76 257
sheep 0.1030 241 255 252 265
sheep 0.1017 298 254 308 264
sheep 0.1007 278 254 290 266
sheep 0.0995 356 255 367 266
sheep 0.0992 255 254 268 264
sheep 0.0976 344 249 353 257
sheep 0.0975 211 272 230 292
sheep 0.0973 262 256 277 268
sheep 0.0971 221 274 250 314
sheep 0.0967 121 250 131 261
sheep 0.0953 53 248 65 258
cow 0.0949 133 257 174 278
sheep 0.0948 89 254 96 263
sheep 0.0933 143 245 153 254
sheep 0.0932 42 252 53 260
sheep 0.0921 330 249 339 257
sheep 0.0917 51 259 77 281
sheep 0.0915 270 255 283 265
sheep 0.0902 105 254 114 264
sheep 0.0895 135 249 147 259
sheep 0.0876 132 251 146 266
sheep 0.0876 265 253 278 264
sheep 0.0874 81 249 89 257
sheep 0.0874 244 253 254 262
sheep 0.0870 129 246 138 255
sheep 0.0860 358 249 367 257
sheep 0.0843 83 254 92 265
sheep 0.0840 360 256 370 266
sheep 0.0827 136 251 158 268
sheep 0.0821 56 253 66 261
sheep 0.0815 283 254 294 263
sheep 0.0814 317 249 326 257
sheep 0.0810 37 247 52 258
sheep 0.0808 99 252 107 264
sheep 0.0799 15 251 29 261
sheep 0.0797 147 254 173 272
sheep 0.0796 306 249 315 258
sheep 0.0783 107 252 117 262
sheep 0.0774 27 254 40 262
sheep 0.0772 101 254 110 266
sheep 0.0765 223 251 234 262
sheep 0.0746 99 249 106 258
sheep 0.0746 261 248 273 258
sheep 0.0745 248 255 262 266
sheep 0.0740 226 262 247 274
sheep 0.0736 274 249 286 258
sheep 0.0708 293 249 303 258
sheep 0.0694 124 251 139 266
sheep 0.0694 312 257 327 269
sheep 0.0689 155 245 167 255
sheep 0.0688 318 255 328 262
sheep 0.0683 211 257 225 269
sheep 0.0676 203 274 223 290
sheep 0.0664 249 248 261 257
sheep 0.0663 230 254 243 264
sheep 0.0656 207 249 222 263
sheep 0.0654 117 248 125 257
sheep 0.0648 156 256 173 269
sheep 0.0646 146 249 161 260
sheep 0.0641 65 259 80 274
sheep 0.0638 244 262 277 279
sheep 0.0635 217 261 233 273
sheep 0.0634 128 257 147 276
sheep 0.0634 7 256 38 291
sheep 0.0629 32 246 44 258
sheep 0.0593 300 259 312 270
sheep 0.0588 239 252 250 260
sheep 0.0582 161 250 173 260
sheep 0.0579 231 247 242 257
sheep 0.0576 110 249 117 258
sheep 0.0575 165 260 181 273
sheep 0.0569 235 261 263 276
sheep 0.0568 367 249 376 257
sheep 0.0560 56 241 68 249
sheep 0.0550 225 254 236 266
sheep 0.0549 225 263 239 279
sheep 0.0546 252 253 264 262
sheep 0.0545 206 255 216 266
sheep 0.0544 123 241 134 250
sheep 0.0538 347 263 356 272
sheep 0.0538 136 242 147 250
sheep 0.0528 332 263 342 273
sheep 0.0524 60 233 74 243
sheep 0.0519 43 240 56 249
sheep 0.0519 367 255 374 264
sheep 0.0517 281 260 296 272
sheep 0.0514 168 245 179 254
sheep 0.0507 112 251 122 265
sheep 0.0502 109 242 120 250
sheep 0.0501 331 261 339 271
