person 0.9995 329 28 436 180
horse 0.9991 116 47 280 273
person 0.9988 132 27 236 187
horse 0.8730 26 64 129 271
person 0.8506 52 41 118 212
horse 0.7395 315 70 411 274
person 0.5590 24 28 87 276
person 0.2239 1 72 71 295
person 0.2181 62 46 125 130
person 0.2156 5 48 73 110
person 0.2144 68 37 161 190
person 0.1687 19 44 63 87
horse 0.0957 1 86 72 297
person 0.0899 361 30 417 113
person 0.0777 358 194 384 286
person 0.0676 383 200 411 290
person 0.0623 12 56 82 172
person 0.0622 162 30 239 125
horse 0.0606 333 40 428 189
person 0.0553 32 53 71 99
chair 0.0550 421 116 465 162
person 0.0515 66 44 107 98
