bicycle 0.9994 125 284 270 453
bicycle 0.2729 76 332 229 472
car 0.2083 76 207 103 227
car 0.1642 128 209 147 227
car 0.1553 119 208 138 225
car 0.1545 90 208 111 225
car 0.1372 107 208 125 224
car 0.1171 76 210 91 224
car 0.0913 83 210 96 222
car 0.0878 109 212 120 222
car 0.0804 73 212 82 222
car 0.0788 65 211 76 223
car 0.0742 100 205 118 219
car 0.0723 96 210 108 221
car 0.0716 120 213 131 222
car 0.0709 60 212 69 222
car 0.0633 47 213 56 223
bicycle 0.0627 178 307 296 481
car 0.0626 95 214 113 229
car 0.0601 112 206 127 218
car 0.0581 49 210 60 221
car 0.0571 135 211 145 223
car 0.0542 111 215 127 229
car 0.0542 125 215 140 229
car 0.0507 71 206 86 225
car 0.0503 144 218 156 236
car 0.0503 73 207 84 218
