chair 0.9988 137 208 237 353
chair 0.9978 240 223 351 364
chair 0.9634 325 185 399 319
pottedplant 0.9087 45 91 99 230
diningtable 0.8858 152 178 361 336
chair 0.4506 286 203 374 331
pottedplant 0.3513 81 176 130 220
chair 0.1766 139 209 202 313
chair 0.1418 382 144 442 252
chair 0.1294 215 164 273 198
chair 0.1233 156 180 197 213
chair 0.1117 180 183 254 294
chair 0.1108 51 200 90 288
chair 0.1092 260 189 349 307
chair 0.1051 327 174 383 209
pottedplant 0.1028 74 178 132 264
chair 0.0929 170 180 354 338
pottedplant 0.0890 70 67 105 132
chair 0.0828 147 198 233 285
pottedplant 0.0685 58 133 120 269
diningtable 0.0667 283 183 387 255
chair 0.0615 94 194 126 280
chair 0.0592 200 220 305 353
chair 0.0591 314 174 386 242
pottedplant 0.0585 389 60 427 117
chair 0.0580 214 175 285 269
chair 0.0568 137 205 174 297
chair 0.0526 391 195 438 256
chair 0.0504 350 199 409 296
