aeroplane 0.8191 309 76 453 163
aeroplane 0.6526 6 60 436 176
person 0.5448 404 151 422 198
person 0.4591 299 149 322 197
person 0.2770 289 148 308 199
person 0.2746 422 154 435 196
person 0.2507 400 148 414 195
person 0.2270 479 146 489 189
person 0.2229 464 146 473 187
person 0.2093 451 147 462 185
person 0.1873 312 151 328 197
person 0.1724 157 156 168 187
person 0.1633 436 151 445 190
person 0.1540 159 152 171 179
person 0.1369 176 158 187 184
person 0.1264 476 146 485 182
aeroplane 0.1246 297 118 394 178
person 0.1173 153 151 164 187
person 0.1159 181 157 192 180
person 0.1146 352 160 362 186
person 0.1119 441 155 450 187
person 0.1065 382 147 392 183
car 0.1013 86 156 121 170
person 0.0976 370 147 383 184
person 0.0948 334 160 345 186
person 0.0911 357 152 370 188
person 0.0865 356 162 366 185
aeroplane 0.0855 183 105 272 163
person 0.0823 342 161 354 185
person 0.0790 168 151 180 172
person 0.0776 347 159 359 187
car 0.0763 41 157 68 174
person 0.0698 183 150 197 171
person 0.0693 457 147 470 175
person 0.0689 181 137 200 160
car 0.0671 66 158 91 171
person 0.0635 320 156 343 187
person 0.0615 367 159 377 184
car 0.0613 90 154 110 167
person 0.0593 466 147 477 176
person 0.0593 249 83 318 153
person 0.0592 145 151 157 170
person 0.0567 329 159 339 183
car 0.0554 102 155 120 167
person 0.0554 154 150 164 166
person 0.0541 177 152 190 172
person 0.0524 142 152 151 172
person 0.0520 345 151 363 179
person 0.0519 178 127 206 153
person 0.0519 305 146 340 185
car 0.0515 77 158 102 171
aeroplane 0.0508 79 92 324 149
person 0.0502 285 154 302 188
person 0.0501 388 149 401 175
