car 0.9993 329 213 440 281
bus 0.9642 250 158 330 247
person 0.8210 206 232 230 293
bus 0.1933 262 207 327 249
bus 0.1230 251 160 287 240
person 0.0919 132 202 138 223
bus 0.0918 285 179 326 250
person 0.0916 128 203 136 236
person 0.0826 129 200 135 224
bus 0.0780 248 171 271 226
person 0.0688 133 209 140 229
car 0.0653 410 216 443 271
car 0.0580 154 199 163 210
person 0.0559 194 222 238 295
person 0.0557 213 222 224 241
car 0.0540 164 200 175 212
bus 0.0514 262 166 302 242
car 0.0512 161 201 168 212
