person 0.9999 89 109 220 253
person 0.9981 268 138 457 341
diningtable 0.9951 0 208 328 350
person 0.9945 245 110 349 256
person 0.8172 334 289 500 372
bottle 0.7623 264 216 284 284
bottle 0.7219 9 301 40 367
bottle 0.6609 157 197 172 255
person 0.4167 315 206 496 357
tvmonitor 0.3358 362 51 406 120
bottle 0.2490 151 201 177 294
chair 0.2255 3 253 45 306
chair 0.1782 422 172 489 300
tvmonitor 0.1540 141 -2 192 30
chair 0.1157 216 125 270 215
bottle 0.1089 281 229 314 285
bottle 0.1060 146 241 177 310
person 0.0965 142 112 220 221
person 0.0889 298 253 366 358
person 0.0852 331 150 420 238
chair 0.0844 433 186 475 261
chair 0.0747 313 27 378 119
tvmonitor 0.0687 227 27 295 64
bottle 0.0657 161 200 180 248
chair 0.0654 26 158 118 269
chair 0.0653 22 289 104 368
person 0.0597 225 121 334 342
bottle 0.0596 13 298 90 364
chair 0.0572 424 21 482 105
tvmonitor 0.0518 40 11 80 62
