person 0.9994 297 93 416 314
person 0.9947 90 97 207 321
person 0.9930 213 93 318 320
person 0.8628 268 129 356 332
chair 0.5796 109 248 225 328
chair 0.4041 322 173 452 324
person 0.3218 273 128 342 221
person 0.3194 1 45 44 112
sofa 0.2082 150 170 416 308
chair 0.1499 419 247 457 326
person 0.1378 8 137 39 179
chair 0.1371 98 149 220 324
car 0.1353 48 246 97 287
person 0.1183 274 219 347 324
bird 0.1144 6 48 44 115
person 0.1129 41 143 76 177
person 0.0942 14 143 25 177
person 0.0796 17 141 60 177
chair 0.0733 371 236 452 327
person 0.0687 8 139 19 183
person 0.0655 376 217 452 327
person 0.0649 98 236 165 330
chair 0.0635 315 250 422 327
person 0.0569 59 147 87 174
chair 0.0564 209 216 296 326
