person 0.9982 270 40 336 188
person 0.9974 135 15 265 469
person 0.9938 35 21 168 466
person 0.8503 -6 27 103 262
person 0.5694 224 1 264 63
person 0.4057 281 180 320 248
person 0.2697 182 3 231 47
person 0.2363 81 0 138 67
person 0.1934 319 29 370 178
car 0.1759 252 257 364 330
person 0.1731 7 16 90 112
person 0.1594 58 12 90 52
person 0.1431 188 0 251 65
person 0.1230 309 176 345 241
person 0.1176 134 4 173 47
person 0.0989 -1 8 25 90
person 0.0986 275 36 339 111
person 0.0902 26 8 89 71
chair 0.0839 323 99 355 169
person 0.0839 77 29 135 101
person 0.0838 149 0 184 55
person 0.0780 166 1 197 61
person 0.0726 217 4 273 104
person 0.0704 230 15 261 44
person 0.0701 54 91 313 446
person 0.0699 96 14 130 88
person 0.0630 156 51 184 126
person 0.0601 207 15 232 40
person 0.0577 293 78 358 172
chair 0.0518 305 73 368 171
person 0.0510 260 92 320 179
