person 0.9992 142 128 209 270
bicycle 0.9973 310 189 418 281
bicycle 0.9971 224 183 324 277
bicycle 0.9953 127 182 245 283
person 0.9876 328 130 390 259
person 0.7920 252 134 310 268
person 0.1950 260 134 306 208
bicycle 0.1822 317 164 386 259
bicycle 0.1721 287 184 364 263
bicycle 0.1591 126 202 202 273
person 0.0737 316 172 408 275
person 0.0704 331 164 368 250
person 0.0642 144 127 191 191
person 0.0635 231 183 323 275
person 0.0603 340 188 381 261
bicycle 0.0575 267 167 341 249
person 0.0555 326 136 381 204
person 0.0535 325 141 354 201
motorbike 0.0502 236 176 320 268
