bicycle 0.9997 6 7 494 369
person 0.9583 419 12 482 134
person 0.8946 0 -26 116 228
person 0.8818 309 14 356 92
bicycle 0.2720 363 291 444 366
person 0.2247 22 26 83 64
car 0.1776 251 62 287 83
person 0.1211 159 35 174 78
person 0.1020 226 56 236 80
person 0.0974 134 43 148 79
person 0.0956 169 35 186 79
person 0.0955 0 150 58 237
person 0.0797 144 40 158 79
person 0.0776 408 39 430 93
person 0.0728 421 66 471 132
person 0.0699 0 40 70 222
person 0.0674 42 35 88 62
person 0.0667 237 60 248 81
person 0.0659 214 52 225 80
person 0.0623 186 45 200 77
person 0.0585 233 54 244 76
person 0.0580 54 -30 167 226
person 0.0553 220 52 232 77
car 0.0539 263 56 296 78
car 0.0504 250 60 268 80
