person 0.9998 184 35 254 218
person 0.9972 228 0 329 367
person 0.9805 87 58 187 303
person 0.8822 68 26 116 218
person 0.8297 4 100 73 302
person 0.6867 2 35 38 108
person 0.6497 252 0 291 83
person 0.4708 5 44 59 238
person 0.4331 300 0 353 196
person 0.2122 1 92 55 182
person 0.2092 247 8 310 105
person 0.1592 18 36 51 174
person 0.1468 125 72 200 264
person 0.1459 39 178 99 260
person 0.1455 42 196 78 255
person 0.1238 82 65 141 236
bird 0.1210 370 137 427 181
person 0.1160 37 35 120 301
person 0.1146 60 23 112 124
person 0.0987 78 45 112 151
person 0.0907 256 30 325 140
person 0.0864 293 0 350 98
person 0.0813 24 154 91 316
person 0.0787 3 183 62 288
person 0.0786 298 -3 331 73
person 0.0766 13 138 49 322
horse 0.0686 93 93 157 188
person 0.0645 251 0 307 46
person 0.0563 274 -20 350 342
person 0.0554 173 34 241 127
dog 0.0545 184 103 256 216
person 0.0536 11 39 31 95
person 0.0520 47 209 122 278
