bottle 0.9966 22 -1 100 264
bottle 0.9943 429 8 486 214
bottle 0.9800 377 4 438 229
bottle 0.9775 324 2 382 236
bottle 0.7702 181 -5 255 250
bottle 0.5061 95 -13 169 247
bottle 0.3668 133 -8 211 252
bottle 0.3068 266 4 327 246
bottle 0.2251 211 7 239 63
bottle 0.1649 369 8 384 88
bottle 0.1620 382 13 396 85
bottle 0.1249 386 14 420 86
bottle 0.1248 435 16 472 90
bottle 0.1171 61 8 122 250
bottle 0.1063 358 9 410 219
bottle 0.1021 248 22 265 62
bottle 0.0948 192 9 219 62
bottle 0.0929 308 1 357 247
bottle 0.0924 237 19 250 58
bottle 0.0847 112 3 138 92
bottle 0.0788 52 0 84 83
bottle 0.0784 100 9 127 100
bottle 0.0773 92 11 108 68
bottle 0.0739 178 8 202 63
bottle 0.0733 332 5 370 85
bottle 0.0625 261 20 274 59
bottle 0.0619 76 11 93 90
bottle 0.0608 397 21 424 64
bottle 0.0567 326 12 352 82
bottle 0.0543 14 4 67 218
bottle 0.0512 137 1 164 88
bottle 0.0503 347 10 372 69
