person 0.9998 103 37 269 426
person 0.5456 103 110 132 186
diningtable 0.2840 71 155 137 211
chair 0.2399 72 135 136 199
chair 0.1631 76 154 115 209
pottedplant 0.1110 22 137 48 157
person 0.1104 110 111 135 151
pottedplant 0.0915 22 145 44 168
pottedplant 0.0883 40 126 64 176
pottedplant 0.0840 19 130 49 147
pottedplant 0.0829 292 120 313 174
person 0.0822 134 60 211 147
chair 0.0809 76 133 108 186
pottedplant 0.0786 20 152 43 184
pottedplant 0.0749 290 108 312 150
chair 0.0685 82 165 137 198
chair 0.0665 68 158 135 222
pottedplant 0.0662 32 120 56 148
chair 0.0631 101 109 132 190
bottle 0.0631 171 128 198 186
person 0.0605 110 126 172 191
chair 0.0604 86 128 121 190
pottedplant 0.0604 40 113 64 150
chair 0.0566 63 119 97 165
pottedplant 0.0547 275 118 321 200
sofa 0.0547 65 118 118 177
diningtable 0.0524 71 166 174 226
chair 0.0517 36 212 96 247
pottedplant 0.0513 29 133 60 164
bottle 0.0512 171 155 195 205
chair 0.0506 86 198 191 419
chair 0.0503 -1 235 98 298
pottedplant 0.0500 281 115 308 155
