sofa 0.9982 68 187 378 313
sofa 0.9822 411 192 485 296
chair 0.8412 54 172 126 249
chair 0.6088 249 161 292 197
chair 0.3472 197 169 237 205
car 0.1819 28 186 69 228
chair 0.1741 221 167 269 202
sofa 0.1639 43 240 422 348
car 0.1621 413 189 492 281
chair 0.1268 129 164 181 203
chair 0.1225 413 189 492 281
chair 0.1017 118 131 198 200
car 0.0958 8 180 54 230
pottedplant 0.0851 58 131 90 208
chair 0.0805 73 196 145 259
chair 0.0762 223 149 297 201
chair 0.0737 130 150 177 189
chair 0.0718 204 151 228 193
chair 0.0677 178 145 199 187
chair 0.0674 123 159 204 218
chair 0.0638 234 161 260 188
pottedplant 0.0619 378 179 400 235
chair 0.0557 159 146 196 183
chair 0.0550 51 166 99 226
chair 0.0545 70 181 118 233
chair 0.0538 168 158 209 203
chair 0.0526 216 160 236 185
chair 0.0513 183 155 243 209
chair 0.0509 365 311 483 371
car 0.0508 40 199 73 236
chair 0.0507 197 148 215 187
