boat 0.5295 406 145 457 197
boat 0.2952 24 128 364 193
boat 0.1817 367 155 424 177
boat 0.1743 71 151 130 168
boat 0.1670 369 144 437 173
boat 0.1669 34 159 223 196
boat 0.1466 93 160 361 203
boat 0.1399 399 174 457 201
boat 0.1399 383 150 431 185
boat 0.1063 441 153 491 182
boat 0.0977 356 158 395 174
boat 0.0931 12 146 83 169
boat 0.0800 421 145 482 176
boat 0.0784 340 160 371 175
boat 0.0774 388 168 436 193
person 0.0764 44 158 79 188
boat 0.0757 426 149 464 187
boat 0.0755 384 173 416 189
boat 0.0749 51 156 145 188
boat 0.0710 354 152 404 169
car 0.0672 142 161 168 174
boat 0.0648 459 150 486 176
boat 0.0611 44 158 79 188
boat 0.0582 102 153 149 168
boat 0.0567 313 160 356 178
car 0.0564 257 163 279 173
boat 0.0539 366 172 388 186
boat 0.0530 382 162 401 181
boat 0.0515 448 165 483 184
boat 0.0503 428 141 449 177
