boat 0.9887 106 185 308 356
boat 0.9884 78 84 356 216
boat 0.7731 336 68 391 142
boat 0.6204 421 173 500 244
person 0.5936 181 77 222 140
boat 0.4067 62 85 144 150
boat 0.3943 80 140 336 299
boat 0.3556 283 79 355 148
boat 0.2971 303 65 374 140
boat 0.2906 61 94 116 136
boat 0.2890 378 107 418 145
boat 0.1975 343 101 409 144
boat 0.1450 413 81 465 123
car 0.1244 419 167 498 220
boat 0.1240 61 76 113 117
chair 0.1174 252 293 295 349
person 0.1113 179 107 207 157
boat 0.1083 278 87 340 127
boat 0.0887 468 95 492 138
boat 0.0859 412 39 476 121
person 0.0833 182 73 205 115
person 0.0814 193 88 217 133
boat 0.0772 383 90 420 131
boat 0.0703 328 102 381 144
boat 0.0678 80 87 141 120
boat 0.0669 420 99 473 127
boat 0.0655 317 82 363 128
person 0.0650 173 106 186 132
person 0.0631 148 89 218 159
boat 0.0620 409 113 445 133
boat 0.0593 369 82 407 140
car 0.0587 423 188 496 252
boat 0.0562 389 115 413 142
person 0.0554 172 128 187 154
boat 0.0541 416 198 488 290
boat 0.0540 411 153 473 269
boat 0.0527 423 202 472 243
boat 0.0525 465 67 492 129
boat 0.0525 429 113 464 130
boat 0.0511 194 113 367 209
boat 0.0507 46 40 127 103
