person 0.9979 113 34 322 321
person 0.9418 96 21 209 173
sofa 0.8988 133 28 468 335
pottedplant 0.6759 81 0 148 112
chair 0.6168 6 18 79 145
person 0.3915 252 79 354 182
person 0.3271 147 27 210 129
pottedplant 0.2418 93 30 133 101
pottedplant 0.2266 85 13 181 159
aeroplane 0.1329 3 168 99 245
pottedplant 0.1260 106 21 140 67
pottedplant 0.1233 100 7 143 46
person 0.1105 108 42 252 224
person 0.0689 223 90 289 160
car 0.0670 4 166 97 248
chair 0.0613 373 -27 468 356
person 0.0532 271 118 343 180
pottedplant 0.0519 82 17 118 94
chair 0.0510 1 35 110 204
chair 0.0504 431 276 491 374
