bus 0.9989 102 235 393 344
boat 0.6478 435 189 498 233
person 0.3665 378 312 402 369
boat 0.2644 206 152 432 210
person 0.2158 388 315 407 368
boat 0.2047 67 129 131 193
boat 0.1991 416 154 491 230
boat 0.1132 321 181 419 206
boat 0.0932 414 117 474 209
boat 0.0917 16 149 91 186
boat 0.0892 449 178 489 225
boat 0.0864 71 142 227 191
boat 0.0745 16 165 85 195
boat 0.0658 126 126 438 197
person 0.0643 298 143 317 195
boat 0.0619 6 113 33 179
boat 0.0606 410 181 472 213
boat 0.0599 24 123 112 190
boat 0.0586 354 172 413 197
boat 0.0569 75 165 142 195
boat 0.0530 311 127 382 191
boat 0.0521 105 167 356 206
boat 0.0511 405 196 493 257
