bus 0.9996 71 12 333 271
bus 0.9972 2 82 80 212
car 0.9468 16 151 71 219
person 0.5524 237 87 272 156
person 0.4827 172 75 232 157
car 0.1558 379 155 405 173
person 0.1522 100 88 127 177
person 0.1521 336 113 356 168
car 0.1413 395 153 424 174
tvmonitor 0.1369 6 86 80 176
car 0.1303 8 156 39 216
person 0.1270 441 143 462 175
car 0.1197 371 154 393 172
person 0.0955 419 145 462 175
car 0.0946 408 151 438 174
car 0.0889 365 152 383 171
bus 0.0666 74 74 122 236
car 0.0606 361 152 375 171
person 0.0596 290 85 330 162
person 0.0588 455 124 476 177
car 0.0517 382 155 395 168
bus 0.0514 25 73 130 221
person 0.0506 199 102 224 154
