sheep 0.2417 232 195 262 219
sheep 0.2055 220 196 249 218
sheep 0.2018 204 196 234 218
sheep 0.1677 192 197 221 220
sheep 0.1380 209 194 228 211
sheep 0.1366 223 197 238 209
sheep 0.1345 226 190 239 199
sheep 0.1202 239 187 253 197
sheep 0.1197 236 195 255 212
sheep 0.1173 244 198 268 221
sheep 0.1142 229 193 244 206
sheep 0.1120 214 190 228 200
sheep 0.1074 215 192 232 206
sheep 0.1009 233 183 246 192
sheep 0.0992 248 188 266 203
sheep 0.0884 251 182 268 193
sheep 0.0854 244 181 258 191
sheep 0.0808 221 184 234 193
sheep 0.0802 255 178 272 189
sheep 0.0785 200 188 216 199
sheep 0.0754 198 195 214 208
sheep 0.0728 203 192 223 206
sheep 0.0704 244 172 258 182
sheep 0.0637 263 175 286 188
sheep 0.0610 228 177 241 185
sheep 0.0600 250 165 268 176
sheep 0.0589 236 168 251 178
sheep 0.0583 186 194 207 211
sheep 0.0540 205 182 222 193
sheep 0.0528 254 194 272 211
