motorbike 0.9902 59 87 222 415
car 0.9761 262 54 366 124
person 0.8418 203 39 235 96
person 0.6926 172 33 197 101
car 0.4892 256 69 318 124
bicycle 0.2866 36 80 64 122
bicycle 0.2291 198 51 242 100
person 0.1243 89 72 100 110
car 0.1088 329 53 366 116
motorbike 0.1081 252 47 350 288
person 0.1035 47 69 61 112
person 0.1004 53 65 65 104
car 0.0981 297 58 375 167
car 0.0932 294 270 361 309
person 0.0864 77 69 85 101
person 0.0813 42 76 63 124
person 0.0811 0 70 17 129
person 0.0797 163 41 182 105
person 0.0768 83 72 90 94
car 0.0718 333 150 366 207
bicycle 0.0637 51 82 75 116
person 0.0599 58 69 69 95
boat 0.0598 306 204 365 306
person 0.0590 125 69 139 106
car 0.0568 252 47 350 288
person 0.0564 90 75 97 92
person 0.0538 65 66 73 84
person 0.0537 205 27 232 72
person 0.0524 59 66 67 79
bicycle 0.0520 165 49 198 104
bicycle 0.0514 105 94 164 128
person 0.0504 55 67 63 82
