person 0.9359 108 230 137 315
person 0.6576 96 240 129 307
person 0.6109 338 207 363 281
person 0.4473 118 105 155 173
person 0.3119 73 247 97 313
person 0.2721 224 188 282 287
person 0.2593 132 104 175 174
person 0.2347 60 105 105 170
person 0.1393 60 246 89 314
person 0.1058 119 241 145 313
person 0.1040 235 192 280 250
person 0.0982 83 101 143 172
car 0.0759 21 254 170 315
person 0.0672 30 238 96 331
bus 0.0636 0 152 268 278
car 0.0620 31 244 99 317
person 0.0615 98 113 128 172
person 0.0612 85 244 116 305
person 0.0609 118 228 135 258
person 0.0608 114 117 140 180
person 0.0570 329 211 354 278
person 0.0545 30 101 138 160
person 0.0541 123 227 134 245
person 0.0533 32 279 65 331
person 0.0513 77 119 110 171
