boat 0.8097 243 97 361 224
pottedplant 0.1132 191 198 239 222
boat 0.0821 282 152 352 209
boat 0.0817 431 178 451 202
boat 0.0796 417 192 445 208
boat 0.0776 416 177 438 199
boat 0.0753 252 151 385 218
boat 0.0734 296 168 340 203
pottedplant 0.0728 169 197 217 222
person 0.0688 240 199 270 223
boat 0.0606 334 186 388 207
boat 0.0581 307 148 337 197
boat 0.0580 395 123 464 206
boat 0.0565 410 195 431 206
boat 0.0562 429 163 448 196
boat 0.0558 400 190 439 207
boat 0.0545 280 190 346 213
boat 0.0504 313 177 342 202
boat 0.0503 232 116 316 201
