person 0.9963 313 67 472 323
chair 0.9943 169 199 333 336
person 0.9930 0 81 182 314
chair 0.9897 11 125 170 317
diningtable 0.9142 115 179 368 318
chair 0.8444 375 175 497 329
chair 0.4310 337 127 465 323
person 0.2065 410 83 488 216
person 0.1560 0 108 65 159
chair 0.1153 467 113 498 196
pottedplant 0.1141 62 168 105 240
pottedplant 0.1081 23 93 107 140
chair 0.1023 358 257 479 338
chair 0.0993 184 231 302 288
chair 0.0909 341 146 434 251
chair 0.0824 14 239 85 341
chair 0.0743 125 257 183 332
person 0.0536 81 79 213 296
person 0.0502 0 116 37 196
