pottedplant 0.9708 30 -10 197 318
sofa 0.6341 371 218 491 354
pottedplant 0.4870 15 242 98 328
pottedplant 0.2130 5 232 24 318
pottedplant 0.1481 9 231 48 314
tvmonitor 0.1136 320 256 369 297
chair 0.0895 336 122 415 145
pottedplant 0.0839 364 244 408 325
pottedplant 0.0760 110 88 184 195
chair 0.0737 368 219 498 358
tvmonitor 0.0718 239 140 277 170
chair 0.0685 117 241 188 309
pottedplant 0.0668 155 17 215 87
pottedplant 0.0586 25 -6 97 83
pottedplant 0.0531 143 19 212 144
chair 0.0529 92 263 137 309
