boat 0.9428 183 56 258 158
boat 0.6378 425 60 489 148
boat 0.5655 89 82 153 141
boat 0.4000 3 81 37 143
boat 0.3911 399 73 428 146
boat 0.3705 386 76 417 146
boat 0.3394 362 89 390 143
boat 0.3317 367 71 434 151
boat 0.3273 371 81 400 145
boat 0.3143 178 128 262 153
boat 0.2947 414 81 437 147
boat 0.2672 141 116 164 142
boat 0.2366 137 104 160 138
boat 0.2343 370 127 432 153
boat 0.2267 430 88 453 144
boat 0.2055 157 117 174 138
boat 0.2018 156 129 172 144
boat 0.1959 355 108 377 141
boat 0.1918 201 61 235 152
boat 0.1888 114 108 157 140
boat 0.1731 393 64 462 151
boat 0.1522 169 114 186 136
boat 0.1498 90 108 142 140
boat 0.1457 148 134 167 148
boat 0.1400 377 105 424 147
boat 0.1300 437 101 479 142
boat 0.1199 181 98 204 135
boat 0.1169 360 94 422 136
boat 0.1167 97 126 150 146
boat 0.1132 120 130 161 147
boat 0.1130 458 79 490 144
boat 0.1113 230 94 255 136
boat 0.1112 191 77 222 146
boat 0.0949 442 66 475 140
boat 0.0914 426 100 469 130
boat 0.0863 164 125 182 137
boat 0.0855 157 136 171 147
boat 0.0845 247 115 265 137
boat 0.0832 415 111 442 142
boat 0.0816 13 106 47 142
boat 0.0787 411 102 451 130
boat 0.0765 353 109 397 145
boat 0.0749 431 112 458 141
boat 0.0744 434 133 480 151
boat 0.0736 168 125 189 140
boat 0.0730 207 81 251 137
boat 0.0725 391 99 440 132
boat 0.0673 153 141 168 154
boat 0.0656 162 134 178 145
boat 0.0638 391 118 439 142
boat 0.0628 406 132 447 151
boat 0.0590 157 112 184 129
boat 0.0585 242 131 270 151
boat 0.0573 231 109 261 129
boat 0.0553 4 114 39 150
boat 0.0545 342 119 356 138
boat 0.0526 419 82 473 124
boat 0.0516 113 90 178 148
boat 0.0515 351 122 382 144
boat 0.0512 340 86 401 147
boat 0.0509 12 93 32 138
boat 0.0502 259 125 274 143
