tvmonitor 0.9994 7 -1 245 208
tvmonitor 0.9990 248 -7 386 223
tvmonitor 0.8411 271 242 406 302
tvmonitor 0.7917 2 218 256 291
person 0.7284 67 50 118 140
person 0.2462 116 48 159 114
tvmonitor 0.2109 79 248 253 302
tvmonitor 0.1506 270 221 398 268
tvmonitor 0.1415 33 254 98 303
tvmonitor 0.0938 293 109 352 163
tvmonitor 0.0828 151 257 240 305
person 0.0811 95 36 128 69
person 0.0802 96 53 126 118
tvmonitor 0.0629 86 225 251 261
person 0.0585 58 51 80 108
person 0.0547 64 50 98 96
tvmonitor 0.0516 173 13 240 92
bus 0.0502 98 283 161 304
