horse 0.9970 315 153 451 354
person 0.9952 375 128 441 296
person 0.9779 85 200 145 369
person 0.9442 292 211 340 367
person 0.8533 180 183 244 365
horse 0.6733 137 194 206 372
horse 0.4108 161 187 235 373
person 0.3758 249 206 291 371
person 0.2835 137 190 207 365
horse 0.2066 112 200 175 371
person 0.1924 162 182 225 282
person 0.1522 113 192 178 365
person 0.1406 351 157 427 334
person 0.1037 283 209 334 262
person 0.0957 282 218 313 313
person 0.0664 138 178 196 273
person 0.0664 361 144 428 242
horse 0.0554 84 201 148 373
