chair 0.9743 86 193 156 318
chair 0.4287 213 188 282 298
chair 0.3005 231 157 297 237
diningtable 0.2935 144 181 289 309
chair 0.2171 106 165 168 285
tvmonitor 0.1957 198 71 242 154
chair 0.1725 188 195 267 276
chair 0.1332 237 195 308 298
diningtable 0.1310 167 192 247 271
chair 0.1205 248 161 281 225
bottle 0.1082 456 58 488 189
tvmonitor 0.0881 414 167 445 210
chair 0.0862 198 201 235 277
chair 0.0809 169 193 211 263
chair 0.0773 132 197 168 273
chair 0.0770 142 192 182 262
bottle 0.0733 399 179 429 238
diningtable 0.0706 146 181 216 260
tvmonitor 0.0692 174 139 212 175
chair 0.0684 234 155 285 193
chair 0.0639 409 168 449 224
chair 0.0613 426 224 489 318
chair 0.0612 135 154 196 272
chair 0.0602 80 155 147 266
chair 0.0565 175 138 208 165
tvmonitor 0.0557 272 194 340 268
chair 0.0540 176 141 234 177
chair 0.0531 402 173 433 232
chair 0.0518 156 200 194 264
tvmonitor 0.0510 419 165 455 227
