person 0.9965 293 285 412 370
person 0.9962 9 155 148 354
person 0.9945 206 148 366 352
person 0.9660 122 163 220 367
sofa 0.8150 19 152 385 349
person 0.2358 258 219 404 362
person 0.1295 82 173 156 273
person 0.1042 264 2 299 108
person 0.1024 322 287 380 363
sofa 0.0983 36 156 183 357
person 0.0774 133 246 211 333
person 0.0735 4 264 133 366
person 0.0671 36 149 294 361
person 0.0648 74 253 143 331
person 0.0635 307 303 362 362
person 0.0608 155 169 267 366
person 0.0521 161 255 238 333
sofa 0.0500 163 283 244 361
