person 0.9993 211 236 310 368
person 0.9992 176 76 360 360
diningtable 0.7190 44 184 132 280
person 0.3047 105 126 133 190
person 0.2865 150 130 179 219
person 0.2675 131 125 154 235
person 0.1812 37 143 59 236
person 0.1591 71 141 99 205
person 0.1528 16 135 56 287
person 0.1134 46 137 92 272
person 0.1091 96 128 139 247
chair 0.1077 40 147 80 253
chair 0.1061 56 168 137 269
person 0.1045 80 141 102 175
person 0.0932 258 92 327 197
person 0.0871 64 157 122 272
person 0.0862 141 95 264 356
person 0.0803 108 134 131 166
person 0.0798 39 143 57 191
person 0.0757 149 123 179 169
person 0.0753 62 147 87 234
person 0.0742 179 140 199 190
chair 0.0685 451 156 486 246
person 0.0671 118 124 172 233
person 0.0657 75 144 91 171
person 0.0656 170 135 187 182
bicycle 0.0636 452 163 486 245
person 0.0621 238 101 297 207
person 0.0570 137 129 171 184
person 0.0566 14 105 36 305
person 0.0558 107 173 139 277
person 0.0536 68 145 91 185
person 0.0523 44 145 66 208
person 0.0505 227 228 292 318
person 0.0501 183 106 261 199
