person 0.9998 160 -3 363 328
person 0.9925 421 89 495 237
person 0.9657 33 21 169 329
bottle 0.7989 360 180 389 284
bottle 0.4269 314 78 372 155
person 0.1813 50 34 126 126
person 0.1649 123 81 150 126
bottle 0.1626 452 184 483 252
person 0.1313 284 84 341 177
bottle 0.1308 8 116 22 198
bottle 0.1294 422 178 487 263
bottle 0.1139 422 180 452 250
bottle 0.0973 405 239 444 311
bottle 0.0766 302 75 352 134
bottle 0.0722 336 96 373 160
person 0.0701 301 75 371 160
person 0.0700 384 92 471 336
bottle 0.0674 382 204 416 290
person 0.0633 118 82 155 159
bottle 0.0622 328 120 369 186
person 0.0599 421 191 490 341
bottle 0.0595 327 101 377 242
diningtable 0.0585 313 236 467 321
bottle 0.0577 55 313 70 341
person 0.0566 72 52 150 204
person 0.0533 157 84 174 126
bottle 0.0520 340 149 382 288
bottle 0.0520 443 171 471 246
person 0.0506 189 4 206 37
