person 0.9999 76 39 206 359
person 0.8631 261 54 300 133
tvmonitor 0.7737 4 115 54 163
person 0.3553 73 79 96 152
person 0.1833 82 80 111 151
person 0.1372 98 66 136 135
tvmonitor 0.1288 445 89 498 140
motorbike 0.1167 277 241 344 326
bicycle 0.1129 280 248 349 318
person 0.0858 58 77 88 150
diningtable 0.0703 197 224 283 294
person 0.0562 199 84 228 142
chair 0.0554 198 242 237 300
chair 0.0541 79 253 195 368
tvmonitor 0.0530 15 121 43 160
bottle 0.0524 207 19 224 67
person 0.0511 180 85 200 137
