person 0.9988 276 131 363 284
diningtable 0.9970 17 207 345 397
person 0.9856 112 137 162 246
person 0.9831 24 112 132 320
person 0.9657 301 130 415 393
chair 0.8801 15 253 74 378
chair 0.6654 346 289 442 408
person 0.6518 242 168 300 243
chair 0.1414 390 249 443 401
person 0.0823 66 134 147 284
person 0.0773 261 175 311 264
person 0.0671 253 167 296 210
person 0.0559 250 123 348 357
chair 0.0543 201 373 368 421
chair 0.0532 408 263 434 410
person 0.0532 291 133 353 229
pottedplant 0.0517 197 107 223 142
