person 0.9901 276 170 311 249
person 0.8576 229 174 259 250
person 0.5353 8 226 22 314
bicycle 0.3877 230 201 260 255
car 0.2420 11 171 30 209
bicycle 0.2009 274 189 311 253
person 0.1849 0 235 36 319
person 0.1692 258 166 281 223
motorbike 0.1624 277 181 311 251
person 0.1491 31 218 44 262
person 0.1353 39 212 52 262
motorbike 0.1237 228 180 261 255
person 0.1177 19 244 61 315
bottle 0.0798 441 144 462 246
person 0.0751 188 161 202 225
person 0.0702 9 224 19 278
person 0.0616 267 168 302 212
person 0.0593 243 167 269 234
person 0.0542 46 207 56 241
train 0.0537 435 154 492 240
person 0.0527 252 164 270 211
person 0.0509 13 220 29 269
