person 0.9999 110 143 177 316
person 0.9983 436 32 490 187
person 0.9969 210 126 274 292
person 0.9838 326 125 374 319
person 0.9348 272 135 332 312
person 0.9183 167 0 214 145
person 0.7965 299 134 356 326
person 0.2420 148 -1 197 137
person 0.2353 248 130 308 295
person 0.1953 264 133 332 219
person 0.1785 148 0 190 68
person 0.1775 8 18 23 111
bottle 0.1553 317 242 346 312
bicycle 0.1441 260 239 300 288
person 0.1226 6 -4 23 71
person 0.1222 268 183 298 278
person 0.1103 263 122 306 172
person 0.0854 308 127 370 225
person 0.0820 250 187 285 286
bicycle 0.0791 146 28 212 135
person 0.0791 159 58 202 149
person 0.0786 295 170 330 294
person 0.0759 220 187 262 292
person 0.0756 122 0 182 125
bicycle 0.0751 251 214 287 294
person 0.0654 23 0 66 49
person 0.0627 149 38 180 118
person 0.0614 434 90 478 180
person 0.0572 282 181 304 283
person 0.0552 443 32 489 103
person 0.0545 180 -1 216 85
person 0.0511 169 -1 211 50
bicycle 0.0501 267 200 298 285
