boat 0.9802 15 67 466 242
boat 0.4785 25 109 76 152
boat 0.1905 256 39 334 67
boat 0.1067 34 125 93 151
car 0.1036 260 39 338 67
car 0.0921 243 350 270 363
car 0.0801 223 353 271 367
car 0.0771 264 346 288 359
boat 0.0701 48 108 119 145
bus 0.0623 275 227 345 265
car 0.0586 276 343 299 357
boat 0.0585 332 70 400 130
boat 0.0577 35 149 166 212
boat 0.0572 62 100 144 183
boat 0.0572 299 349 353 363
person 0.0555 402 306 431 339
boat 0.0535 127 58 221 114
boat 0.0530 57 126 110 153
car 0.0518 468 302 485 324
