car 0.9998 7 145 259 271
car 0.9958 314 159 456 338
person 0.9942 264 139 379 354
person 0.9813 103 147 167 369
person 0.7710 249 157 293 306
person 0.3926 282 149 329 316
person 0.3616 290 153 327 240
person 0.3515 172 172 222 330
car 0.2984 167 163 246 273
car 0.2892 10 172 167 297
person 0.2080 264 161 298 238
car 0.1658 209 172 250 267
person 0.1645 278 161 312 265
person 0.1520 282 160 312 206
car 0.1066 141 172 216 282
person 0.0957 245 173 276 270
person 0.0934 174 158 202 244
chair 0.0894 277 217 310 293
person 0.0885 145 161 191 349
car 0.0857 199 154 272 253
car 0.0820 230 167 291 265
person 0.0819 294 154 326 197
car 0.0768 32 175 60 196
dog 0.0737 247 250 292 305
person 0.0732 102 162 172 255
person 0.0729 247 250 292 305
person 0.0725 146 160 194 215
person 0.0617 174 216 207 321
person 0.0604 269 163 301 202
car 0.0587 286 162 407 229
car 0.0578 50 176 105 205
car 0.0546 40 179 77 202
person 0.0511 71 156 121 321
car 0.0510 265 141 397 352
