person 0.9996 161 71 272 335
person 0.9984 83 149 226 350
person 0.9963 285 162 422 340
sofa 0.9936 13 86 484 344
person 0.9865 371 69 493 210
person 0.9842 0 66 138 341
person 0.9773 290 15 456 125
person 0.6845 61 72 186 326
person 0.5019 294 61 459 284
person 0.4526 17 81 304 350
person 0.3645 192 62 439 339
person 0.2795 366 63 440 156
person 0.2137 159 281 236 361
person 0.1481 308 44 439 186
person 0.1147 116 103 188 194
person 0.0962 104 97 235 284
person 0.0819 276 13 353 116
person 0.0751 213 68 321 344
person 0.0677 311 180 384 257
person 0.0559 18 229 93 330
person 0.0547 205 97 293 178
person 0.0525 1 227 29 318
person 0.0515 270 88 350 181
bottle 0.0512 138 150 168 221
