motorbike 0.9951 44 112 261 278
motorbike 0.9635 312 202 424 293
person 0.9562 223 128 329 270
person 0.9427 72 56 196 258
motorbike 0.6988 199 136 330 293
motorbike 0.6743 229 173 379 297
person 0.4054 301 157 391 249
motorbike 0.2835 296 176 404 270
person 0.2605 249 139 311 233
bicycle 0.1694 338 212 423 290
person 0.1557 323 167 374 230
person 0.1509 260 168 389 283
person 0.1440 222 122 290 216
person 0.1386 120 92 244 256
person 0.1279 105 86 175 281
person 0.1261 290 160 358 227
person 0.0776 113 78 185 176
person 0.0729 58 69 138 253
bicycle 0.0702 373 234 421 288
person 0.0577 257 140 298 197
motorbike 0.0573 4 199 72 304
