person 0.9990 262 93 450 259
person 0.9990 47 98 187 310
person 0.9913 235 102 352 269
person 0.7382 156 90 248 281
person 0.5234 201 100 301 281
person 0.4068 209 35 270 153
diningtable 0.3748 96 233 480 313
person 0.2815 421 101 489 247
person 0.2748 411 110 480 176
person 0.2509 291 98 380 253
person 0.1858 346 106 479 270
person 0.1722 397 103 436 152
person 0.1346 103 49 177 185
diningtable 0.1337 342 292 414 329
person 0.1178 186 79 265 229
person 0.1111 249 97 318 203
person 0.1011 386 103 453 167
bottle 0.0936 278 210 309 298
person 0.0782 429 50 492 171
person 0.0761 106 91 178 257
person 0.0681 220 198 286 284
diningtable 0.0656 288 268 500 323
diningtable 0.0606 156 173 485 297
bottle 0.0595 298 59 324 133
bottle 0.0586 343 222 378 302
person 0.0583 123 30 225 264
person 0.0569 416 102 438 146
person 0.0566 177 61 210 104
person 0.0547 432 104 475 158
person 0.0545 449 76 489 155
person 0.0518 233 202 278 258
bottle 0.0511 381 63 398 110
person 0.0510 4 131 78 275
