person 0.9999 186 34 458 318
person 0.9995 81 -1 249 303
person 0.9665 3 88 72 253
diningtable 0.9246 0 272 500 353
person 0.5012 44 99 79 168
person 0.3746 18 92 77 190
person 0.2137 3 78 36 131
person 0.1947 2 89 42 182
diningtable 0.1443 0 294 483 401
person 0.1272 16 75 46 130
bird 0.0982 344 298 436 368
person 0.0879 31 90 66 158
person 0.0769 13 75 27 109
chair 0.0612 304 227 393 301
person 0.0606 38 106 100 197
diningtable 0.0604 12 290 117 359
person 0.0604 30 80 56 136
person 0.0576 23 104 91 291
person 0.0544 19 76 34 104
person 0.0541 7 75 21 117
person 0.0529 44 186 71 294
person 0.0512 11 100 48 303
person 0.0512 14 83 36 119
