cow 0.9976 49 219 148 298
cow 0.9901 220 215 347 298
cow 0.9855 144 232 244 305
dog 0.8486 61 147 122 197
cow 0.5464 92 226 187 299
cow 0.4009 190 231 242 291
dog 0.2996 49 221 145 296
horse 0.1893 53 222 147 307
sheep 0.1792 348 206 394 296
cow 0.1708 212 219 285 301
cow 0.1672 338 210 397 302
horse 0.1121 329 210 393 303
dog 0.1059 329 210 393 303
person 0.1038 190 231 242 291
dog 0.0971 187 232 242 294
sheep 0.0940 142 240 238 305
horse 0.0860 139 235 230 307
cow 0.0844 269 206 341 233
sheep 0.0638 235 228 341 304
cow 0.0618 63 147 120 195
cow 0.0556 51 195 138 261
