car 0.8663 49 228 95 290
car 0.2516 138 245 165 262
bus 0.1494 9 208 80 295
car 0.1296 201 249 215 259
car 0.1191 192 249 203 259
car 0.1180 205 247 221 258
car 0.1178 149 245 170 260
car 0.1076 197 246 209 257
car 0.1025 210 249 227 259
person 0.0968 106 233 121 266
car 0.0953 181 246 194 257
car 0.0923 201 244 212 255
car 0.0922 192 245 201 256
car 0.0843 134 241 154 261
car 0.0806 211 244 224 255
car 0.0800 177 246 188 258
car 0.0795 251 244 264 257
car 0.0785 239 248 255 259
car 0.0771 220 248 237 259
car 0.0740 273 247 306 266
car 0.0738 237 245 250 256
car 0.0717 222 245 234 256
car 0.0672 261 247 286 264
person 0.0649 102 232 114 263
car 0.0645 187 248 199 259
car 0.0627 223 251 235 261
person 0.0595 119 239 130 262
person 0.0584 97 230 109 266
person 0.0563 112 237 122 254
car 0.0532 139 243 150 255
car 0.0525 170 237 187 255
bus 0.0510 12 199 48 318
