train 0.9905 2 134 151 231
train 0.9500 85 128 419 248
person 0.9492 348 186 407 340
person 0.9274 372 214 461 366
person 0.6661 53 185 92 289
person 0.3200 305 197 323 252
person 0.3136 12 167 36 316
person 0.1862 429 183 457 235
person 0.1252 402 210 447 265
person 0.1038 438 210 486 348
person 0.1000 422 200 455 260
person 0.0933 366 185 405 274
person 0.0888 460 185 482 340
person 0.0816 464 233 493 327
person 0.0715 1 208 30 314
car 0.0701 7 135 87 219
person 0.0686 51 183 76 266
car 0.0658 455 193 488 245
person 0.0572 30 194 59 265
train 0.0558 66 116 170 216
person 0.0539 312 192 327 239
