person 0.7099 210 51 300 300
train 0.5881 12 -3 344 321
car 0.5321 368 114 476 172
car 0.3600 10 6 321 318
person 0.2414 189 84 252 175
person 0.2298 134 -12 330 323
person 0.1694 264 79 335 304
car 0.1569 315 125 476 269
person 0.1281 192 82 262 263
car 0.1136 351 83 479 147
bus 0.1131 350 15 490 130
chair 0.1121 146 246 245 324
car 0.1121 352 39 481 126
person 0.0966 186 53 267 141
car 0.0820 382 112 470 138
person 0.0791 184 14 277 112
person 0.0695 360 -7 410 61
person 0.0620 230 79 312 168
car 0.0614 315 111 449 164
bottle 0.0559 61 209 145 302
car 0.0550 418 99 493 136
bus 0.0536 4 6 413 330
car 0.0530 349 128 472 203
person 0.0528 200 0 282 67
person 0.0517 238 85 315 255
