person 0.9997 294 143 454 379
person 0.9820 200 201 234 283
person 0.9708 132 173 211 394
person 0.9568 0 158 105 383
person 0.7651 272 206 290 262
person 0.4629 122 177 152 261
person 0.4546 239 214 256 260
person 0.4338 269 208 282 259
person 0.2723 290 208 304 263
person 0.2382 247 211 262 255
person 0.2141 137 182 207 279
person 0.1723 300 210 312 263
person 0.1313 270 183 291 245
person 0.0984 217 219 241 271
chair 0.0949 354 144 410 196
chair 0.0867 195 -3 265 95
person 0.0836 83 165 188 385
person 0.0801 11 173 88 281
person 0.0790 289 183 304 236
person 0.0725 124 207 155 313
person 0.0680 130 181 169 232
bottle 0.0629 355 30 392 91
person 0.0605 269 195 282 229
person 0.0600 252 217 272 248
person 0.0560 270 209 285 235
diningtable 0.0520 314 92 399 168
