pottedplant 0.5518 119 3 280 129
aeroplane 0.2966 99 187 162 219
car 0.1850 467 183 493 236
aeroplane 0.1700 275 184 322 210
person 0.1429 118 182 151 214
person 0.1329 236 180 262 212
person 0.1232 134 187 149 212
person 0.0911 142 189 151 209
person 0.0856 245 183 258 214
person 0.0807 153 192 160 209
person 0.0767 131 183 144 201
car 0.0747 342 190 357 203
person 0.0729 157 190 165 205
person 0.0692 120 185 137 209
car 0.0679 352 191 365 203
person 0.0678 139 185 148 201
person 0.0678 124 183 139 202
car 0.0639 353 197 365 209
car 0.0583 368 193 379 203
car 0.0579 357 195 370 206
car 0.0575 451 190 462 201
car 0.0566 326 188 342 203
car 0.0560 383 194 394 204
car 0.0553 452 188 470 202
aeroplane 0.0546 106 182 146 212
aeroplane 0.0546 300 186 327 208
person 0.0519 155 194 162 213
car 0.0514 457 188 479 209
