aeroplane 0.9997 25 22 500 326
aeroplane 0.9118 11 103 151 296
aeroplane 0.5917 0 29 214 128
aeroplane 0.5113 147 3 354 59
person 0.3250 127 172 153 261
aeroplane 0.1716 380 107 488 172
person 0.1597 373 178 399 244
person 0.1567 366 177 386 241
aeroplane 0.1548 367 5 478 61
aeroplane 0.1442 370 62 472 116
aeroplane 0.1338 234 7 412 57
aeroplane 0.1334 0 98 167 176
aeroplane 0.1296 367 91 471 146
aeroplane 0.1283 6 14 145 67
aeroplane 0.1193 181 28 349 81
aeroplane 0.1163 367 30 477 88
aeroplane 0.1061 18 -1 340 92
aeroplane 0.1039 270 29 438 81
aeroplane 0.0992 359 130 474 189
aeroplane 0.0935 348 109 492 284
aeroplane 0.0850 6 -3 144 43
dog 0.0777 401 96 497 166
person 0.0765 357 168 372 229
person 0.0759 259 68 284 116
aeroplane 0.0715 249 55 410 104
aeroplane 0.0714 169 56 315 101
aeroplane 0.0681 82 33 270 90
chair 0.0642 438 38 495 86
person 0.0625 368 171 383 216
person 0.0620 332 171 341 198
person 0.0590 357 173 368 201
aeroplane 0.0564 414 98 491 216
person 0.0561 253 85 267 109
person 0.0556 398 179 407 199
aeroplane 0.0556 408 52 486 130
person 0.0549 343 171 355 203
person 0.0548 105 31 112 45
person 0.0537 398 164 410 185
person 0.0532 316 172 327 197
chair 0.0521 0 224 91 313
aeroplane 0.0521 61 37 154 123
person 0.0520 411 187 428 239
aeroplane 0.0517 54 12 238 63
person 0.0514 379 175 391 204
aeroplane 0.0500 31 73 146 145
