person 0.9991 112 147 287 350
person 0.9908 0 116 142 345
diningtable 0.9469 253 225 474 357
chair 0.9391 8 250 93 370
person 0.9097 87 99 144 164
person 0.8218 207 115 344 333
person 0.7188 122 126 172 188
diningtable 0.6203 53 148 185 337
person 0.5880 170 130 224 182
person 0.4942 7 122 67 196
person 0.2774 0 114 36 189
person 0.2529 161 134 197 195
chair 0.2212 34 205 147 360
diningtable 0.1960 34 205 147 360
person 0.1773 159 129 231 215
person 0.1747 36 130 72 183
person 0.1745 146 131 180 191
person 0.1525 48 139 199 336
person 0.1459 103 96 185 167
person 0.1422 107 95 160 145
person 0.1404 98 119 151 175
person 0.1220 122 105 170 155
person 0.1200 128 106 214 176
person 0.1157 4 105 31 159
diningtable 0.1130 84 166 196 271
person 0.1080 219 128 289 216
person 0.0966 63 137 84 192
person 0.0907 21 118 72 166
diningtable 0.0881 57 149 179 228
chair 0.0855 331 185 397 259
chair 0.0846 10 230 49 369
chair 0.0769 62 314 106 370
person 0.0720 34 205 147 360
chair 0.0651 70 303 136 369
person 0.0648 183 127 261 237
person 0.0648 136 124 185 162
tvmonitor 0.0639 424 93 491 170
person 0.0612 15 108 59 154
person 0.0599 12 109 28 148
person 0.0589 20 130 93 216
person 0.0585 66 78 133 170
diningtable 0.0539 31 202 173 277
person 0.0533 68 154 89 197
