chair 0.7643 315 195 353 256
chair 0.5738 154 194 204 249
chair 0.5306 132 187 169 248
chair 0.4681 116 189 157 244
diningtable 0.3258 275 192 343 257
diningtable 0.3243 114 185 186 248
diningtable 0.3028 145 192 211 249
diningtable 0.2334 94 194 205 273
chair 0.2127 259 191 290 253
chair 0.1552 290 196 328 255
chair 0.1479 117 190 187 263
chair 0.1455 207 0 298 110
chair 0.1391 143 188 184 233
chair 0.1115 251 186 320 259
sofa 0.1050 235 191 353 241
chair 0.0914 107 187 143 235
chair 0.0873 175 189 215 243
chair 0.0826 286 180 354 257
pottedplant 0.0802 107 164 219 237
pottedplant 0.0743 111 140 232 196
chair 0.0691 94 187 125 240
person 0.0668 387 214 417 276
chair 0.0558 387 205 417 253
chair 0.0551 77 212 156 348
pottedplant 0.0547 184 183 217 238
chair 0.0542 302 187 345 235
chair 0.0519 41 258 148 362
pottedplant 0.0503 151 140 230 241
