diningtable 0.9980 -34 173 355 471
bottle 0.9928 2 90 53 265
person 0.9884 88 36 219 206
bottle 0.5604 178 100 219 252
bottle 0.5135 51 80 102 273
person 0.4809 118 0 268 141
bottle 0.3069 31 87 77 266
chair 0.3016 84 206 147 277
chair 0.2719 218 138 352 231
bottle 0.1757 130 72 186 248
bottle 0.1572 58 71 92 151
bottle 0.1392 77 66 130 255
chair 0.1176 -2 79 70 161
bottle 0.0955 117 105 166 294
person 0.0955 107 64 197 163
bottle 0.0848 -34 88 2 262
person 0.0816 270 155 359 232
chair 0.0801 84 234 124 278
person 0.0783 120 9 220 93
bottle 0.0777 191 87 216 168
bottle 0.0741 142 196 168 276
person 0.0727 -4 26 70 132
person 0.0713 178 0 251 70
bottle 0.0664 7 95 46 196
sofa 0.0631 -2 79 70 161
bottle 0.0631 184 115 223 191
person 0.0595 309 0 370 215
chair 0.0587 68 234 140 300
person 0.0577 295 8 371 96
bottle 0.0574 124 201 156 279
person 0.0571 105 26 173 117
bottle 0.0560 175 118 248 224
chair 0.0543 1 210 51 262
bottle 0.0512 136 144 185 310
