person 0.9998 228 150 409 346
person 0.9993 18 31 143 224
person 0.9990 149 94 279 233
person 0.9986 163 8 284 200
diningtable 0.9858 0 198 310 355
person 0.9520 391 16 477 314
person 0.9118 294 34 427 242
person 0.7604 415 8 492 176
person 0.5410 12 59 48 273
person 0.3071 420 121 494 340
person 0.1894 416 66 489 252
person 0.1455 301 129 432 279
person 0.0989 457 26 492 105
bottle 0.0917 7 267 69 363
person 0.0835 414 4 487 87
person 0.0803 353 46 447 231
chair 0.0715 233 236 298 329
person 0.0681 401 205 456 282
chair 0.0668 414 114 475 220
chair 0.0667 122 139 189 213
person 0.0639 377 1 457 104
person 0.0596 0 46 67 226
person 0.0591 11 35 77 134
chair 0.0584 263 234 300 315
person 0.0543 350 148 452 256
