chair 0.7023 186 317 244 368
diningtable 0.6107 180 312 343 362
chair 0.5619 342 295 423 362
chair 0.5413 61 319 139 369
chair 0.4506 172 309 220 367
chair 0.4080 373 303 452 364
person 0.3626 438 278 490 367
chair 0.3534 338 313 379 366
chair 0.3062 33 329 118 367
chair 0.2782 93 311 156 367
chair 0.2461 303 307 338 348
chair 0.2334 411 314 463 364
chair 0.2085 80 320 118 366
chair 0.1957 278 300 313 336
chair 0.1885 320 295 384 359
chair 0.1879 356 293 415 335
chair 0.1709 196 329 277 370
chair 0.1538 438 316 491 365
boat 0.1530 255 154 431 275
chair 0.1265 366 331 436 368
chair 0.1181 314 309 356 357
chair 0.1078 196 339 241 369
chair 0.1036 288 300 329 341
chair 0.0921 380 291 428 346
chair 0.0895 108 318 141 365
chair 0.0879 395 315 437 367
chair 0.0815 107 315 238 364
chair 0.0799 267 302 342 365
tvmonitor 0.0707 4 322 90 362
car 0.0698 180 312 344 363
chair 0.0697 361 275 446 332
chair 0.0689 199 309 260 354
chair 0.0682 330 290 366 345
chair 0.0600 261 284 333 343
chair 0.0577 269 290 301 335
chair 0.0573 189 332 221 368
chair 0.0549 76 313 135 349
chair 0.0543 289 285 364 347
diningtable 0.0535 237 332 346 369
sofa 0.0502 180 312 344 363
