chair 0.9991 144 164 243 318
diningtable 0.9977 158 172 359 325
chair 0.9955 363 167 443 263
chair 0.7607 265 165 343 304
chair 0.1433 242 155 310 279
chair 0.1217 152 162 230 253
chair 0.1095 362 203 418 265
chair 0.0983 144 158 190 222
bottle 0.0924 217 115 257 186
chair 0.0899 280 159 339 195
chair 0.0870 354 152 429 231
chair 0.0742 217 121 258 183
chair 0.0661 213 244 341 323
chair 0.0653 286 158 350 238
chair 0.0634 267 158 317 187
chair 0.0614 406 163 445 250
diningtable 0.0576 238 177 325 215
chair 0.0500 176 169 339 325
