person 0.9993 129 54 237 364
person 0.9966 244 33 369 349
pottedplant 0.9910 29 64 159 268
pottedplant 0.8536 213 292 311 370
pottedplant 0.2384 322 104 398 181
pottedplant 0.2277 218 124 300 308
chair 0.1763 116 286 153 365
person 0.1650 284 49 359 157
pottedplant 0.1308 328 103 386 150
chair 0.0931 119 272 183 371
pottedplant 0.0901 313 128 396 228
pottedplant 0.0894 159 66 270 348
pottedplant 0.0893 229 60 350 353
person 0.0876 191 43 325 362
person 0.0870 194 79 260 169
pottedplant 0.0779 206 323 273 367
pottedplant 0.0770 320 142 402 189
person 0.0762 165 80 239 184
pottedplant 0.0743 251 130 342 248
diningtable 0.0733 426 295 490 368
pottedplant 0.0677 241 97 304 253
pottedplant 0.0667 348 116 406 255
chair 0.0667 435 193 494 293
chair 0.0582 40 200 107 280
chair 0.0582 428 303 491 367
pottedplant 0.0579 268 276 323 364
chair 0.0569 69 287 142 367
chair 0.0517 422 272 460 345
pottedplant 0.0501 62 173 131 279
