diningtable 0.9824 51 206 255 409
chair 0.9646 97 213 230 432
pottedplant 0.5681 140 146 197 222
chair 0.4909 31 201 98 403
chair 0.3645 215 208 278 398
chair 0.1969 13 197 62 377
chair 0.1149 242 213 277 250
person 0.1090 101 350 139 440
person 0.0883 240 313 269 390
chair 0.0788 172 338 235 438
chair 0.0773 12 176 80 265
chair 0.0750 106 329 215 397
chair 0.0697 250 209 283 291
cat 0.0696 179 343 238 435
dog 0.0693 179 343 238 435
person 0.0596 44 208 119 408
chair 0.0595 21 289 59 346
bird 0.0562 176 340 235 438
