person 0.9999 50 37 185 285
dog 0.9994 313 236 390 357
dog 0.9989 5 260 87 362
dog 0.9979 177 239 265 343
dog 0.9961 81 240 174 341
person 0.9956 166 43 286 318
person 0.9944 303 54 415 323
dog 0.8833 241 190 312 335
person 0.6115 279 83 310 135
person 0.4583 303 100 340 135
person 0.2961 237 50 297 153
cat 0.2496 86 245 178 330
dog 0.2353 122 241 210 342
person 0.1613 253 73 288 154
dog 0.1425 207 220 295 338
person 0.1414 287 86 326 132
dog 0.1311 264 212 332 345
person 0.1258 244 154 310 338
person 0.1195 108 36 232 289
person 0.1183 313 242 397 356
person 0.1130 250 270 285 344
boat 0.1077 426 271 484 317
cat 0.1000 183 235 256 339
person 0.0945 281 235 313 328
person 0.0756 242 77 302 242
car 0.0718 426 112 488 140
person 0.0669 272 95 350 200
person 0.0647 234 53 277 112
car 0.0636 33 101 77 128
person 0.0552 102 182 182 255
person 0.0547 301 212 341 316
person 0.0538 275 104 336 293
person 0.0527 324 91 347 122
person 0.0512 260 66 308 135
