person 0.9999 258 104 358 220
person 0.9984 15 113 206 355
person 0.9907 346 104 446 243
person 0.9887 109 92 202 214
diningtable 0.9770 103 170 487 345
chair 0.9702 24 185 191 351
chair 0.7753 411 157 496 375
chair 0.5115 429 170 493 263
chair 0.3060 1 214 73 368
chair 0.2849 361 152 461 351
person 0.1646 303 102 404 230
chair 0.1643 33 221 129 367
chair 0.1065 15 213 47 365
chair 0.0774 34 303 211 372
chair 0.0714 428 295 490 373
person 0.0644 372 150 477 363
chair 0.0638 248 319 479 374
chair 0.0617 17 190 117 318
chair 0.0504 2 278 57 369
