bus 0.9997 151 151 355 277
car 0.9924 412 251 494 365
person 0.9726 83 238 110 313
person 0.2113 102 244 116 303
person 0.1832 78 238 100 298
bicycle 0.1628 83 258 116 311
bus 0.1511 166 179 253 282
person 0.1350 401 208 425 270
person 0.1145 115 248 124 274
person 0.0779 114 262 123 288
motorbike 0.0723 83 248 112 313
person 0.0722 118 238 128 260
person 0.0686 116 237 123 251
person 0.0670 398 228 418 270
person 0.0615 91 239 103 262
person 0.0614 112 240 119 258
bicycle 0.0609 98 268 117 306
person 0.0598 88 241 108 284
person 0.0592 93 234 100 249
person 0.0584 110 244 118 272
person 0.0575 121 234 128 247
person 0.0566 94 235 105 253
person 0.0558 92 228 99 239
person 0.0552 46 215 58 274
person 0.0539 113 237 119 249
person 0.0532 121 239 131 255
person 0.0500 70 244 83 283
