aeroplane 0.9978 19 89 382 255
aeroplane 0.6354 343 99 408 138
chair 0.3188 7 131 61 217
chair 0.2932 0 114 39 190
person 0.1714 55 165 124 236
chair 0.1592 7 122 27 190
chair 0.1427 423 209 461 295
chair 0.1360 402 230 461 345
chair 0.1344 60 171 127 240
cat 0.1133 105 96 168 130
chair 0.0814 408 201 447 235
car 0.0729 341 98 406 137
chair 0.0726 423 195 457 249
chair 0.0725 410 187 444 224
chair 0.0705 403 209 450 259
person 0.0685 57 167 90 230
chair 0.0671 21 133 68 188
person 0.0659 70 161 111 204
chair 0.0599 396 186 428 224
aeroplane 0.0534 8 130 137 244
