person 0.9997 133 4 372 361
person 0.9974 385 -8 467 314
person 0.6230 312 0 389 267
bottle 0.2738 303 302 383 366
chair 0.2396 115 71 175 194
tvmonitor 0.1832 37 76 110 140
bottle 0.1753 296 319 345 366
person 0.1493 380 12 415 95
person 0.1445 167 9 192 87
person 0.1166 116 8 143 61
chair 0.1089 141 97 183 193
person 0.1000 328 5 397 90
diningtable 0.0977 348 322 435 375
pottedplant 0.0936 132 -1 170 60
person 0.0839 328 7 372 62
person 0.0750 322 2 352 67
person 0.0750 344 6 406 250
diningtable 0.0705 311 305 485 367
tvmonitor 0.0658 181 0 322 63
person 0.0641 175 13 220 165
person 0.0534 426 225 489 329
person 0.0509 187 15 214 86
