bicycle 0.9976 36 130 244 412
bicycle 0.9947 154 106 293 243
person 0.9901 215 12 275 200
person 0.9885 257 37 343 300
person 0.9556 122 21 174 174
person 0.3497 8 48 48 249
person 0.2988 285 6 356 235
bicycle 0.2040 72 92 268 289
person 0.1200 220 7 317 246
bicycle 0.1180 151 136 237 224
person 0.1117 190 77 289 234
person 0.1033 283 4 365 117
bicycle 0.0972 65 118 167 232
person 0.0852 168 22 215 175
person 0.0761 318 10 368 281
bottle 0.0611 165 33 191 117
bicycle 0.0537 96 213 239 383
bicycle 0.0537 211 72 283 164
person 0.0530 240 44 274 128
person 0.0507 272 18 331 110
