person 0.9991 279 153 337 335
horse 0.9988 47 1 265 418
person 0.9650 -14 66 85 461
person 0.3274 267 151 299 211
person 0.2389 242 160 290 326
person 0.2287 279 144 342 223
person 0.1411 346 175 356 203
person 0.1136 23 7 169 461
person 0.1091 342 169 352 194
person 0.1045 305 141 337 204
person 0.0989 265 155 299 290
person 0.0936 336 165 347 199
person 0.0821 351 172 360 204
person 0.0785 276 145 318 196
person 0.0775 332 158 344 191
person 0.0710 223 151 269 322
person 0.0635 348 172 357 193
person 0.0552 345 171 353 187
person 0.0551 334 173 347 224
person 0.0527 311 152 338 185
person 0.0516 1 88 42 192
