chair 0.9798 345 190 469 370
diningtable 0.9274 12 166 440 348
sofa 0.8463 398 108 485 202
chair 0.6831 104 137 169 214
tvmonitor 0.5816 233 -2 301 98
chair 0.5508 293 136 371 206
chair 0.5189 158 194 374 353
chair 0.2596 178 261 356 371
chair 0.2397 0 146 66 275
chair 0.1924 394 126 491 223
chair 0.1234 250 227 403 368
chair 0.0935 422 176 489 300
chair 0.0893 389 180 470 259
chair 0.0863 234 167 380 319
chair 0.0801 105 203 285 266
aeroplane 0.0788 237 86 307 162
chair 0.0696 309 177 424 347
chair 0.0681 241 195 372 270
chair 0.0655 220 228 305 307
chair 0.0650 422 227 489 370
chair 0.0628 299 246 369 337
tvmonitor 0.0617 234 63 302 152
chair 0.0606 8 138 42 309
chair 0.0605 6 213 122 359
tvmonitor 0.0554 278 61 376 152
chair 0.0528 356 255 428 364
chair 0.0518 99 140 131 214
