chair 0.9989 318 190 449 364
diningtable 0.9912 78 158 320 349
chair 0.9824 1 192 79 365
person 0.9781 178 108 272 189
chair 0.9464 282 92 339 174
person 0.9035 82 146 282 360
person 0.4103 323 133 433 333
chair 0.1838 42 174 108 349
chair 0.1754 142 83 181 129
person 0.1493 334 116 423 230
chair 0.1475 334 116 423 230
person 0.1444 396 95 428 163
chair 0.1374 406 138 435 190
chair 0.1062 396 173 457 346
chair 0.1059 369 121 439 250
diningtable 0.0924 89 102 198 167
diningtable 0.0898 185 178 352 356
chair 0.0867 229 288 322 366
chair 0.0851 287 112 357 203
chair 0.0837 334 112 374 169
chair 0.0781 307 113 352 169
chair 0.0761 278 122 309 191
chair 0.0745 311 98 391 186
person 0.0734 222 246 256 337
chair 0.0691 268 136 299 189
diningtable 0.0684 176 175 265 244
person 0.0564 277 92 410 278
person 0.0559 339 107 376 168
chair 0.0546 401 129 455 271
chair 0.0544 8 186 58 302
chair 0.0541 307 130 423 324
chair 0.0526 286 130 329 186
diningtable 0.0518 303 163 425 347
chair 0.0509 294 168 324 228
bottle 0.0505 214 10 225 49
