train 0.9960 65 91 358 263
person 0.1485 439 165 446 186
person 0.1419 427 162 435 186
person 0.1128 448 161 455 186
person 0.1071 440 161 447 178
person 0.1053 430 161 437 178
person 0.1049 433 163 441 183
person 0.0918 443 163 450 183
person 0.0913 423 164 432 182
person 0.0859 436 158 443 172
person 0.0831 449 162 458 179
person 0.0809 418 164 426 183
person 0.0757 415 167 421 183
person 0.0747 466 163 473 181
person 0.0736 423 159 431 172
person 0.0732 444 158 452 172
person 0.0731 455 164 462 181
person 0.0719 416 163 424 178
person 0.0689 468 168 477 197
person 0.0677 476 165 481 181
person 0.0655 474 164 489 216
car 0.0623 403 165 413 179
person 0.0616 456 159 465 173
car 0.0543 392 163 404 179
person 0.0537 471 164 475 178
