chair 0.9776 0 207 82 364
chair 0.9711 245 212 375 360
diningtable 0.9455 30 200 347 352
chair 0.8393 161 224 280 365
chair 0.4647 35 196 137 365
chair 0.1821 73 216 215 361
chair 0.1569 141 202 215 344
chair 0.1550 184 191 272 314
chair 0.1542 1 288 79 369
chair 0.1306 113 257 248 365
chair 0.1073 269 198 355 318
chair 0.1059 0 204 39 272
chair 0.0916 307 196 387 344
chair 0.0898 202 183 283 267
chair 0.0868 20 245 67 365
chair 0.0777 340 183 407 320
chair 0.0775 213 171 343 341
chair 0.0698 77 190 153 237
diningtable 0.0588 370 173 488 312
chair 0.0555 224 202 328 289
chair 0.0531 54 201 333 348
chair 0.0511 105 199 176 351
