chair 0.9988 252 163 336 274
tvmonitor 0.8904 55 191 107 274
pottedplant 0.3257 321 151 354 186
diningtable 0.3107 298 182 365 262
chair 0.2477 299 187 338 263
chair 0.1549 316 184 354 257
chair 0.1352 258 165 303 239
tvmonitor 0.1172 388 186 466 275
tvmonitor 0.1097 189 213 240 263
chair 0.1051 389 189 467 276
chair 0.0795 309 171 335 225
chair 0.0793 292 171 327 236
diningtable 0.0791 313 183 356 239
pottedplant 0.0631 313 145 336 185
chair 0.0564 104 131 143 227
pottedplant 0.0522 331 154 353 177
chair 0.0513 298 162 324 209
