chair 0.9808 219 20 320 191
diningtable 0.9772 287 16 459 187
pottedplant 0.8377 112 -7 247 174
sofa 0.6851 9 33 194 186
chair 0.5824 336 13 470 193
chair 0.2485 315 16 391 186
chair 0.2458 235 98 318 197
pottedplant 0.1695 185 0 311 177
chair 0.1574 164 -5 285 179
chair 0.1411 420 10 489 181
chair 0.0728 186 139 225 187
pottedplant 0.0709 268 48 301 114
pottedplant 0.0636 173 41 241 145
person 0.0600 385 118 419 187
pottedplant 0.0547 252 35 313 120
pottedplant 0.0544 123 17 189 127
diningtable 0.0505 238 23 333 188
chair 0.0500 260 3 339 169
