person 0.9702 121 112 155 200
person 0.9404 258 122 286 189
person 0.9141 289 123 312 195
person 0.8566 201 126 226 191
person 0.8071 389 115 433 243
person 0.1895 254 125 269 177
person 0.1674 320 129 331 163
person 0.1598 298 125 317 171
person 0.1349 72 121 80 144
person 0.1337 75 124 83 145
person 0.1295 329 127 342 161
person 0.1291 268 131 295 194
person 0.1272 82 126 89 144
person 0.1258 325 131 335 159
person 0.1206 96 128 103 143
person 0.1177 46 128 52 141
person 0.1168 242 123 253 156
person 0.1160 57 126 64 141
person 0.1115 61 123 68 143
person 0.1079 70 124 76 140
person 0.1030 106 127 113 143
person 0.1014 145 125 163 162
person 0.0998 80 124 86 140
person 0.0978 186 129 194 154
car 0.0961 357 130 395 152
person 0.0957 44 122 50 142
person 0.0949 89 125 95 140
person 0.0944 48 125 56 143
person 0.0908 110 126 118 150
person 0.0901 176 128 185 154
person 0.0898 8 117 20 188
person 0.0880 289 124 309 160
person 0.0872 100 126 106 139
person 0.0853 250 122 265 164
person 0.0850 138 130 160 174
person 0.0847 118 119 135 145
person 0.0845 50 123 57 135
person 0.0831 112 124 119 138
person 0.0825 59 121 67 134
person 0.0810 31 123 39 144
person 0.0779 84 124 90 135
person 0.0764 123 119 140 141
person 0.0764 10 124 24 171
person 0.0759 313 130 328 155
person 0.0752 164 129 173 152
person 0.0752 39 127 46 143
person 0.0751 55 128 61 143
person 0.0737 35 125 43 143
person 0.0715 230 129 240 152
person 0.0704 88 129 95 146
person 0.0704 118 119 139 170
person 0.0703 225 127 236 157
person 0.0698 15 124 26 157
person 0.0676 270 124 291 165
person 0.0675 188 130 197 159
person 0.0674 57 117 65 128
person 0.0673 42 129 48 144
person 0.0671 169 130 178 152
person 0.0660 28 127 35 150
person 0.0660 66 117 74 128
person 0.0655 209 128 227 159
person 0.0640 101 130 108 146
person 0.0637 199 127 213 164
person 0.0610 253 129 261 151
person 0.0599 90 118 97 128
person 0.0596 323 128 332 148
person 0.0590 217 128 231 172
person 0.0573 77 117 84 128
person 0.0569 154 123 166 144
person 0.0552 263 119 278 143
person 0.0547 292 122 306 144
person 0.0541 197 128 203 141
person 0.0541 189 129 196 146
person 0.0540 205 129 218 151
person 0.0539 125 110 141 127
person 0.0537 385 187 426 251
person 0.0534 239 130 249 150
person 0.0530 302 124 316 147
person 0.0528 127 114 151 147
person 0.0523 181 130 192 153
person 0.0520 254 125 261 140
person 0.0514 120 112 136 130
person 0.0513 255 123 267 146
person 0.0509 107 120 117 132
person 0.0505 200 129 209 153
person 0.0505 246 134 255 160
person 0.0501 48 119 55 130
car 0.0501 39 127 46 143
