person 0.9999 21 16 150 319
sofa 0.9980 199 173 456 284
diningtable 0.8085 6 254 114 353
chair 0.7821 26 311 184 370
tvmonitor 0.6637 272 136 319 176
cat 0.3220 277 59 310 132
dog 0.2703 275 66 311 134
chair 0.2361 143 142 187 197
diningtable 0.1628 10 302 161 366
chair 0.1598 174 252 258 369
car 0.0979 191 126 237 176
chair 0.0703 64 166 163 277
chair 0.0695 130 248 227 355
chair 0.0685 4 299 42 355
chair 0.0681 13 293 105 354
chair 0.0632 222 179 311 273
diningtable 0.0612 5 291 96 335
chair 0.0508 31 107 160 315
