person 0.9925 327 110 398 307
person 0.9766 237 185 309 300
person 0.9195 86 188 149 300
person 0.8795 236 128 271 220
person 0.8102 146 133 185 223
person 0.7910 292 197 354 310
person 0.7609 146 191 204 289
person 0.7608 265 129 298 211
person 0.7159 209 126 244 216
person 0.6532 192 191 253 299
person 0.6018 289 128 331 220
person 0.5737 118 199 178 288
person 0.5534 122 133 158 218
person 0.5429 180 134 217 221
person 0.4292 71 123 126 263
person 0.3578 275 153 336 283
person 0.3011 165 195 231 298
person 0.2355 131 195 169 263
person 0.2213 189 196 224 268
person 0.1915 216 190 254 262
person 0.1804 136 172 166 241
person 0.1637 322 108 391 211
person 0.1604 86 127 133 214
person 0.1582 190 177 219 237
person 0.1581 249 150 314 256
person 0.1509 160 182 193 247
person 0.1405 183 227 230 291
person 0.1391 115 139 172 257
dog 0.1387 205 245 256 295
person 0.1344 214 190 277 292
person 0.1325 122 169 154 232
person 0.1252 84 165 152 251
person 0.1084 106 129 142 206
pottedplant 0.1070 44 166 77 198
person 0.1053 294 203 346 262
person 0.1050 128 150 205 238
pottedplant 0.1031 447 158 465 194
pottedplant 0.0971 243 80 272 123
person 0.0970 206 155 232 221
person 0.0929 252 128 326 214
pottedplant 0.0908 29 163 66 199
person 0.0857 139 228 188 290
pottedplant 0.0857 272 73 293 110
pottedplant 0.0841 60 1 84 54
person 0.0820 166 196 206 254
person 0.0817 214 117 243 177
pottedplant 0.0812 292 78 320 119
person 0.0807 132 135 168 188
person 0.0797 261 171 302 225
person 0.0789 216 168 248 218
person 0.0778 257 131 291 184
person 0.0763 217 242 261 295
person 0.0751 112 196 161 252
person 0.0735 291 90 382 292
person 0.0733 168 231 211 290
person 0.0728 263 128 300 166
person 0.0721 159 151 232 235
person 0.0699 232 134 264 184
person 0.0696 81 155 119 240
person 0.0675 174 173 205 237
person 0.0669 228 158 257 222
pottedplant 0.0660 261 71 282 109
person 0.0643 244 116 267 153
person 0.0629 201 191 234 232
person 0.0621 125 131 150 175
person 0.0568 196 149 249 258
person 0.0566 158 137 188 183
person 0.0558 195 111 218 160
person 0.0557 147 194 191 229
person 0.0555 243 130 273 165
person 0.0551 250 187 298 238
person 0.0540 251 246 301 298
pottedplant 0.0522 273 68 291 94
person 0.0521 172 195 216 228
person 0.0506 150 133 179 173
person 0.0505 207 98 230 160
pottedplant 0.0501 218 74 244 149
