pottedplant 0.5453 449 195 491 258
chair 0.2334 406 267 488 331
bicycle 0.2105 344 266 379 339
diningtable 0.2100 208 317 451 370
diningtable 0.1222 159 279 454 352
chair 0.0897 300 282 346 318
person 0.0879 343 259 378 331
pottedplant 0.0812 206 105 347 167
chair 0.0779 187 336 235 368
pottedplant 0.0706 189 149 291 221
pottedplant 0.0696 190 153 254 181
bottle 0.0624 300 237 318 277
chair 0.0576 345 274 379 338
pottedplant 0.0557 205 173 229 199
pottedplant 0.0548 229 86 362 149
chair 0.0514 409 284 461 328
