car 0.9896 72 82 318 481
person 0.2889 196 0 259 92
person 0.1787 156 13 230 104
motorbike 0.1509 94 12 176 145
person 0.1440 137 5 207 131
person 0.1332 233 7 326 74
person 0.1234 100 13 180 111
chair 0.1168 283 131 322 207
person 0.1158 186 303 213 405
person 0.0907 180 43 227 93
motorbike 0.0853 136 2 206 137
chair 0.0679 235 425 315 490
person 0.0673 213 423 319 492
person 0.0665 197 164 236 223
person 0.0628 190 38 247 115
person 0.0615 75 110 107 173
person 0.0604 164 143 230 218
person 0.0598 269 5 317 62
person 0.0541 213 27 285 101
person 0.0530 95 40 154 123
chair 0.0519 251 168 293 214
diningtable 0.0512 262 131 325 213
chair 0.0507 284 155 310 214
person 0.0500 230 170 278 214
