bus 0.9294 200 174 295 277
person 0.6344 310 172 335 234
car 0.5089 127 187 162 265
person 0.3081 244 99 272 172
person 0.2767 329 0 375 55
person 0.2480 138 173 162 242
person 0.2383 121 186 158 266
person 0.2374 275 0 319 59
person 0.2177 144 166 163 218
person 0.1615 257 84 279 168
person 0.1591 193 -2 231 67
person 0.1451 273 83 295 167
cow 0.1350 385 1 442 85
person 0.1198 389 10 417 90
person 0.1132 230 101 257 179
person 0.1117 234 185 253 216
person 0.1029 400 9 427 94
bottle 0.0928 179 94 201 201
pottedplant 0.0885 327 122 372 192
person 0.0843 244 179 266 216
person 0.0774 353 4 389 72
person 0.0767 283 88 305 162
person 0.0757 235 90 252 141
bicycle 0.0725 359 60 422 151
pottedplant 0.0712 277 2 318 61
person 0.0709 343 10 376 84
person 0.0702 204 97 231 188
person 0.0691 212 92 244 181
person 0.0685 128 176 155 213
car 0.0677 200 174 295 277
person 0.0654 226 191 247 213
person 0.0618 249 87 269 150
bottle 0.0601 169 95 192 199
pottedplant 0.0600 281 87 306 131
person 0.0596 169 49 223 193
person 0.0586 233 200 257 229
person 0.0582 171 0 226 84
person 0.0505 233 165 255 208
