person 0.9993 244 52 452 309
person 0.9968 80 94 194 265
person 0.9960 18 94 97 251
diningtable 0.8983 0 229 464 350
bottle 0.3076 88 216 130 349
bottle 0.1606 121 273 147 350
bottle 0.1508 89 273 122 352
person 0.1452 0 131 34 197
chair 0.1243 279 149 436 310
bottle 0.1113 299 179 342 342
diningtable 0.0751 0 291 465 388
bottle 0.0686 269 205 311 350
bottle 0.0625 106 273 133 348
person 0.0607 121 273 147 350
bottle 0.0594 308 253 336 341
bottle 0.0594 165 173 209 221
diningtable 0.0559 98 212 299 349
person 0.0519 7 130 28 178
chair 0.0504 294 164 388 258
