person 0.9998 177 221 285 360
person 0.9997 43 207 176 368
person 0.9992 352 213 484 367
person 0.9986 256 222 346 363
person 0.9980 280 142 376 318
person 0.9953 128 92 234 308
person 0.6792 227 112 308 292
person 0.3600 275 104 321 180
diningtable 0.2571 374 215 483 344
person 0.1683 180 125 272 322
diningtable 0.1324 413 218 491 298
person 0.0826 226 128 294 220
chair 0.0785 410 216 492 291
person 0.0776 234 127 280 182
pottedplant 0.0586 331 196 447 351
person 0.0535 148 106 230 206
person 0.0518 330 213 387 311
