person 0.9992 207 142 307 269
person 0.9919 142 168 237 273
boat 0.9886 53 196 448 298
person 0.7858 128 157 196 260
person 0.3081 171 176 212 255
boat 0.1905 44 42 58 51
boat 0.1308 39 41 51 50
boat 0.1209 45 38 60 48
boat 0.1156 408 16 431 44
boat 0.1150 417 19 439 47
boat 0.1060 367 14 411 42
boat 0.0943 336 235 446 300
boat 0.0824 59 42 70 50
boat 0.0677 40 37 52 46
boat 0.0657 44 35 54 45
boat 0.0648 50 45 61 52
boat 0.0641 22 38 35 48
boat 0.0639 291 44 305 51
boat 0.0638 266 41 281 48
boat 0.0634 405 31 438 49
boat 0.0631 53 39 70 48
boat 0.0604 282 43 295 50
boat 0.0588 80 42 90 48
boat 0.0582 35 40 44 48
boat 0.0582 106 40 127 50
boat 0.0573 97 41 107 48
boat 0.0557 110 42 120 48
boat 0.0557 122 42 140 51
car 0.0554 332 200 379 241
boat 0.0544 61 38 74 46
boat 0.0526 74 40 92 49
boat 0.0525 480 37 488 48
boat 0.0519 282 38 300 45
boat 0.0518 300 42 315 49
boat 0.0518 123 42 134 49
boat 0.0512 391 12 420 34
boat 0.0502 290 46 302 53
boat 0.0500 269 36 287 45
