chair 0.9968 69 197 205 367
diningtable 0.9939 0 99 306 340
chair 0.9818 188 112 306 362
sofa 0.5006 283 99 490 195
bottle 0.4421 243 171 267 246
chair 0.2199 0 100 64 220
chair 0.1844 252 104 327 214
chair 0.1706 246 120 315 348
chair 0.1326 0 140 66 280
chair 0.1162 10 107 42 256
chair 0.1031 278 80 342 104
chair 0.0951 129 172 260 366
tvmonitor 0.0852 43 39 82 94
chair 0.0834 173 89 219 141
chair 0.0810 0 192 77 369
chair 0.0801 193 93 231 140
person 0.0735 264 104 300 202
pottedplant 0.0707 216 69 249 104
chair 0.0663 29 127 266 350
chair 0.0622 16 181 140 361
chair 0.0559 219 124 284 327
chair 0.0544 209 97 248 137
chair 0.0536 18 121 86 204
chair 0.0531 11 158 46 314
chair 0.0521 23 87 86 336
