horse 0.9972 145 116 305 326
person 0.9740 10 148 84 320
person 0.9738 109 185 142 281
person 0.9131 232 146 320 340
person 0.7109 85 149 120 245
person 0.6616 59 151 105 295
person 0.5571 168 124 303 327
person 0.2675 165 187 191 284
person 0.2445 82 196 110 283
person 0.2268 346 179 360 224
person 0.1490 54 150 85 255
person 0.0764 231 154 305 250
person 0.0748 59 186 87 280
bottle 0.0648 75 195 109 284
person 0.0626 356 182 365 225
person 0.0574 93 150 129 215
person 0.0548 143 191 167 255
person 0.0526 341 179 353 222
person 0.0506 22 152 55 259
