person 0.9992 243 46 375 309
person 0.9990 46 7 308 323
bottle 0.3519 401 163 436 255
person 0.3360 13 88 38 264
diningtable 0.2044 344 166 489 329
person 0.1948 0 89 32 214
bottle 0.1338 393 156 456 230
person 0.1294 276 94 440 314
chair 0.1048 403 119 481 194
person 0.1002 7 99 25 193
car 0.0880 406 117 492 189
person 0.0826 49 24 121 190
person 0.0791 367 172 402 255
bottle 0.0747 401 174 488 255
bottle 0.0724 425 186 460 253
person 0.0683 348 71 468 182
person 0.0639 35 46 91 212
person 0.0626 396 113 496 195
bottle 0.0586 399 140 489 220
bottle 0.0584 389 148 436 307
person 0.0562 15 70 62 236
person 0.0551 17 102 42 169
bottle 0.0529 421 164 453 230
person 0.0517 25 20 126 314
