person 0.9943 68 61 135 264
person 0.9520 142 64 204 264
bicycle 0.8940 286 163 377 243
person 0.8850 235 51 304 266
person 0.6849 207 155 236 240
person 0.6775 17 54 65 270
person 0.3635 195 63 248 257
person 0.3039 226 53 297 153
person 0.2224 142 66 200 159
person 0.1868 279 142 316 247
person 0.1788 117 68 181 269
person 0.1591 277 71 326 240
bicycle 0.1205 301 163 350 230
person 0.0863 125 91 151 196
person 0.0839 209 89 242 179
person 0.0828 28 101 65 208
person 0.0799 139 69 171 146
person 0.0682 11 67 38 284
person 0.0634 158 63 192 132
car 0.0600 398 165 429 199
person 0.0591 38 63 91 256
person 0.0590 80 160 120 258
person 0.0555 464 148 486 348
person 0.0545 68 62 133 150
person 0.0542 441 168 487 356
train 0.0502 296 90 324 163
