person 0.9999 101 145 303 358
person 0.9993 306 153 424 348
person 0.9009 229 112 265 206
person 0.8295 10 118 51 295
person 0.6202 116 87 137 143
person 0.2851 96 89 110 139
person 0.2393 105 89 121 142
person 0.2259 150 71 162 114
person 0.0807 78 61 91 95
person 0.0802 155 73 168 113
person 0.0781 66 60 81 94
car 0.0729 317 133 481 191
person 0.0728 154 170 218 253
person 0.0719 1 173 38 287
person 0.0712 96 81 106 114
person 0.0703 129 86 144 133
person 0.0691 181 42 201 95
person 0.0615 142 77 153 107
person 0.0589 137 79 148 116
person 0.0585 83 72 93 102
person 0.0578 85 91 98 132
person 0.0539 119 90 132 121
person 0.0501 173 63 186 108
