person 0.9986 172 179 307 326
person 0.9785 325 184 407 325
person 0.9549 413 195 480 312
person 0.9297 279 140 351 318
horse 0.8828 80 87 148 241
chair 0.8018 187 242 311 324
tvmonitor 0.5031 394 85 450 135
person 0.5014 331 131 366 199
person 0.4177 332 84 404 207
chair 0.2593 337 280 418 327
person 0.2044 334 137 395 223
person 0.1846 285 120 373 246
cow 0.1793 80 90 147 241
chair 0.1285 412 172 454 237
person 0.1116 338 168 408 249
chair 0.0987 211 285 299 324
person 0.0790 235 237 315 327
person 0.0777 336 154 365 225
person 0.0740 370 183 404 268
pottedplant 0.0734 83 -2 159 73
person 0.0717 352 193 448 324
person 0.0676 297 77 384 175
person 0.0672 320 132 355 212
person 0.0604 347 55 358 75
chair 0.0569 306 241 342 320
person 0.0522 317 130 413 272
person 0.0509 275 106 357 198
