car 0.9639 155 67 338 239
person 0.9509 277 69 338 236
bus 0.9405 362 60 493 191
person 0.8669 89 98 126 196
person 0.7068 150 108 181 199
bicycle 0.6580 54 155 85 222
bicycle 0.6372 150 148 179 211
person 0.5698 204 65 278 125
car 0.5001 334 130 368 187
person 0.4530 24 91 73 213
person 0.4141 69 96 99 199
car 0.3654 361 62 498 194
bicycle 0.3535 25 160 57 227
car 0.3502 413 149 488 190
bird 0.2610 186 73 239 122
person 0.2526 56 99 89 204
car 0.1959 212 113 295 198
car 0.1579 369 154 445 192
person 0.1102 275 73 325 121
person 0.1063 266 74 333 154
motorbike 0.0975 18 104 80 210
car 0.0893 338 153 383 188
bicycle 0.0838 27 125 88 217
person 0.0818 19 104 53 200
person 0.0787 25 148 56 229
car 0.0750 336 156 361 187
car 0.0669 331 120 396 182
car 0.0656 328 130 349 191
person 0.0618 209 76 296 212
person 0.0579 250 74 316 247
motorbike 0.0577 150 148 179 211
car 0.0554 355 156 403 188
car 0.0533 387 125 483 190
person 0.0506 235 71 291 115
bicycle 0.0500 40 178 78 227
