train 0.9984 9 144 197 307
train 0.9957 167 134 384 310
train 0.6425 211 160 352 228
person 0.5886 406 223 429 298
train 0.2076 209 168 263 211
car 0.1526 414 208 443 232
train 0.0998 434 155 477 196
car 0.0968 427 202 454 232
bus 0.0915 2 217 89 297
car 0.0805 446 189 482 236
train 0.0790 158 196 325 331
car 0.0768 148 159 179 183
train 0.0723 287 153 434 289
car 0.0712 160 161 192 185
person 0.0684 391 232 416 295
train 0.0683 388 177 470 261
train 0.0678 0 121 196 167
person 0.0661 405 205 426 250
train 0.0648 289 162 436 217
car 0.0633 431 214 459 238
car 0.0623 454 208 479 246
train 0.0604 10 143 192 193
train 0.0601 382 167 429 289
train 0.0594 355 164 447 236
train 0.0581 110 173 275 314
car 0.0573 416 167 481 202
person 0.0539 391 214 436 295
train 0.0508 287 145 446 195
