person 0.9999 1 233 73 381
person 0.9997 77 215 136 396
person 0.9745 140 181 229 466
bus 0.1715 104 193 169 242
car 0.1304 261 225 281 237
car 0.1239 271 227 284 237
car 0.1133 269 229 282 240
car 0.1073 247 224 268 237
car 0.0987 255 224 273 236
person 0.0984 150 193 237 303
car 0.0830 259 228 272 240
car 0.0815 242 224 258 235
car 0.0808 287 228 300 239
car 0.0794 281 226 292 236
car 0.0787 289 233 310 248
car 0.0767 234 224 252 237
car 0.0760 278 231 296 245
car 0.0740 280 230 291 241
car 0.0623 274 221 288 231
person 0.0620 339 152 363 228
car 0.0563 228 224 242 237
car 0.0528 248 230 265 243
person 0.0526 73 223 107 305
car 0.0507 285 221 296 231
person 0.0502 335 219 352 248
