person 0.9646 5 190 31 259
person 0.9116 202 183 236 278
person 0.8185 110 196 133 254
person 0.5819 238 192 258 258
person 0.3248 190 191 219 274
person 0.3225 189 199 246 303
person 0.2792 189 196 203 247
person 0.1530 21 194 34 240
person 0.1236 36 197 43 215
person 0.1149 24 199 37 230
person 0.1117 47 198 52 212
person 0.1048 76 193 87 219
person 0.0988 44 194 50 212
person 0.0941 50 196 55 210
person 0.0933 39 198 46 218
person 0.0924 60 199 64 211
person 0.0923 72 198 78 213
person 0.0897 61 196 68 212
person 0.0853 75 202 82 218
person 0.0840 313 229 341 263
person 0.0809 57 201 64 214
person 0.0773 242 193 258 224
person 0.0757 92 201 103 227
person 0.0752 58 194 65 211
person 0.0719 29 197 38 221
person 0.0687 213 187 243 237
person 0.0678 132 202 139 217
person 0.0675 116 198 133 226
person 0.0663 45 201 51 215
person 0.0661 123 203 133 237
person 0.0627 129 205 137 226
person 0.0602 244 187 259 210
person 0.0598 10 194 30 224
person 0.0596 57 197 62 207
person 0.0585 64 200 70 214
person 0.0584 111 200 125 235
person 0.0579 97 199 107 218
person 0.0569 89 200 99 220
person 0.0562 133 199 140 211
person 0.0550 66 197 72 208
person 0.0546 81 198 91 217
person 0.0530 254 187 266 204
person 0.0525 123 198 133 212
person 0.0523 111 200 121 220
person 0.0521 98 205 112 228
bicycle 0.0515 109 209 133 256
person 0.0515 249 196 263 216
person 0.0515 78 199 87 213
person 0.0514 34 199 41 213
person 0.0513 31 192 40 206
person 0.0507 18 193 31 212
