person 0.9998 44 59 225 290
person 0.9995 19 148 217 354
person 0.9877 229 10 366 256
person 0.9741 357 132 480 322
bottle 0.3803 176 230 224 296
chair 0.2471 417 205 484 312
chair 0.2304 26 192 103 346
chair 0.2049 355 157 485 332
chair 0.2026 31 157 207 352
chair 0.1562 0 207 75 368
tvmonitor 0.1177 307 227 388 308
bottle 0.1030 382 299 417 365
chair 0.1028 120 259 303 375
chair 0.0984 463 184 496 267
chair 0.0825 353 225 474 300
bottle 0.0819 415 289 477 361
person 0.0789 321 99 443 300
chair 0.0638 439 298 488 364
bottle 0.0626 397 297 425 356
person 0.0574 376 153 454 256
person 0.0565 418 191 484 300
person 0.0562 233 155 458 362
chair 0.0540 0 269 36 367
bottle 0.0523 423 279 460 343
