chair 0.9927 99 237 253 472
chair 0.9571 301 338 369 460
diningtable 0.9365 71 252 304 461
chair 0.9022 261 236 334 384
chair 0.7390 50 235 132 427
chair 0.6883 234 236 302 390
pottedplant 0.4051 63 135 108 237
pottedplant 0.2820 182 182 259 266
chair 0.1891 285 286 358 433
chair 0.1247 277 237 347 329
chair 0.1124 172 251 303 422
pottedplant 0.1052 182 14 273 126
pottedplant 0.1016 70 123 139 234
pottedplant 0.0942 223 188 262 265
pottedplant 0.0887 163 146 225 227
pottedplant 0.0837 211 177 252 251
chair 0.0782 71 249 191 450
pottedplant 0.0749 166 160 201 216
chair 0.0683 294 242 368 369
chair 0.0675 271 319 344 399
pottedplant 0.0647 64 189 106 238
pottedplant 0.0643 223 211 289 287
chair 0.0569 184 231 259 393
chair 0.0561 64 247 146 341
person 0.0534 166 213 199 252
person 0.0505 155 216 190 263
