chair 0.9998 16 119 226 340
dog 0.9943 303 206 429 298
sofa 0.8893 146 66 374 186
person 0.8459 191 61 355 161
pottedplant 0.8352 446 83 485 146
chair 0.1864 149 65 378 184
pottedplant 0.1494 84 16 153 83
person 0.1139 249 61 337 137
pottedplant 0.1078 71 108 109 149
chair 0.1056 12 242 90 368
person 0.0989 283 58 339 116
pottedplant 0.0804 138 34 162 75
pottedplant 0.0792 120 26 157 73
pottedplant 0.0695 9 94 53 155
pottedplant 0.0682 125 19 151 52
chair 0.0666 287 96 392 194
pottedplant 0.0630 107 23 138 80
person 0.0613 294 57 375 105
chair 0.0540 143 82 187 133
chair 0.0524 143 81 227 155
pottedplant 0.0506 444 84 474 124
