person 0.9998 360 -10 473 353
car 0.9942 246 129 404 245
car 0.9851 0 62 372 398
dog 0.9824 114 170 201 269
dog 0.8157 60 189 133 313
car 0.4693 340 122 412 192
car 0.4620 361 129 408 165
dog 0.3453 80 185 163 290
car 0.1393 273 133 376 200
car 0.1190 288 131 371 169
dog 0.0962 122 152 186 233
person 0.0939 123 199 207 269
person 0.0935 107 190 141 259
dog 0.0824 109 198 142 261
car 0.0713 105 98 354 254
person 0.0682 393 5 469 103
chair 0.0644 24 132 99 225
person 0.0562 63 204 127 301
car 0.0509 216 119 362 292
dog 0.0503 126 218 210 270
car 0.0500 330 135 408 261
