bus 0.9437 110 235 331 336
bus 0.4073 117 260 220 337
pottedplant 0.1096 361 187 439 263
person 0.1011 169 140 185 180
car 0.0934 223 94 243 108
person 0.0884 27 155 41 192
car 0.0879 226 92 253 110
person 0.0791 30 160 43 183
car 0.0709 11 139 92 171
pottedplant 0.0678 368 198 409 261
person 0.0654 183 137 198 179
car 0.0580 214 89 231 103
car 0.0577 224 91 239 103
person 0.0562 162 142 177 175
person 0.0558 166 157 174 174
bus 0.0545 6 138 92 171
person 0.0525 192 76 208 122
person 0.0505 49 163 58 177
person 0.0502 193 111 209 161
