person 0.9984 229 51 327 314
person 0.9829 103 74 201 315
person 0.9743 187 88 241 243
person 0.9731 403 53 461 268
person 0.9081 85 91 110 167
person 0.7502 368 72 400 173
person 0.6870 338 112 401 199
person 0.5497 34 99 59 171
person 0.4953 463 86 490 176
person 0.3979 386 54 436 229
person 0.2925 335 72 370 176
person 0.1829 305 70 361 207
person 0.1278 455 85 482 155
person 0.1205 435 60 479 238
person 0.1118 446 81 467 172
person 0.1034 408 54 447 151
person 0.0962 130 87 200 192
person 0.0848 187 87 223 134
bird 0.0786 216 82 244 140
person 0.0779 359 137 407 196
person 0.0697 102 90 120 152
bottle 0.0622 190 104 222 221
person 0.0612 111 93 136 149
person 0.0572 421 69 456 187
person 0.0571 396 71 430 163
person 0.0569 260 69 335 242
person 0.0562 122 98 154 163
person 0.0523 113 96 130 126
person 0.0505 363 83 429 185
