person 0.9989 68 63 132 250
person 0.9924 119 0 242 421
car 0.9840 231 74 346 361
person 0.5109 43 51 83 156
person 0.2339 211 61 249 133
person 0.1617 262 46 286 114
person 0.1564 55 49 92 99
person 0.1515 30 63 80 223
person 0.1272 343 1 366 84
person 0.1111 252 40 273 109
person 0.1091 70 60 135 153
person 0.0999 101 24 121 89
person 0.0890 71 55 104 122
person 0.0888 323 13 354 93
person 0.0847 74 47 99 93
person 0.0833 82 28 101 70
person 0.0784 92 17 117 76
person 0.0698 187 36 249 132
train 0.0691 118 12 160 85
person 0.0689 275 46 296 100
person 0.0676 354 30 367 92
person 0.0636 353 4 369 76
person 0.0600 83 49 121 98
person 0.0594 80 64 125 122
person 0.0573 204 66 263 160
person 0.0572 116 62 139 134
person 0.0547 -4 190 22 285
car 0.0521 232 103 297 262
