person 0.9988 113 149 238 477
person 0.7040 264 206 321 416
person 0.4934 254 200 311 305
person 0.3639 70 181 127 330
person 0.2637 227 184 254 259
person 0.2102 84 188 122 268
person 0.1735 126 186 149 241
person 0.1368 254 190 282 252
person 0.1302 299 203 325 300
chair 0.1193 135 355 244 485
person 0.1156 237 188 260 251
tvmonitor 0.1077 222 0 296 63
person 0.1045 304 193 325 249
person 0.1009 180 189 250 363
chair 0.0973 11 75 48 162
person 0.0865 250 206 284 301
person 0.0774 112 178 158 313
tvmonitor 0.0757 285 5 329 52
person 0.0683 299 200 338 386
person 0.0618 55 255 127 341
person 0.0575 207 184 242 233
person 0.0568 186 178 252 270
person 0.0559 146 179 192 316
person 0.0555 223 203 276 392
person 0.0526 238 198 268 278
chair 0.0506 35 407 108 497
