person 0.9998 316 142 393 313
car 0.9914 262 160 343 232
person 0.9276 51 160 107 321
car 0.9196 420 172 492 224
car 0.6059 84 181 163 239
car 0.4754 246 155 413 221
car 0.4597 35 169 153 241
car 0.2959 294 153 394 264
car 0.2161 370 172 448 227
boat 0.1740 210 257 248 301
car 0.0791 275 131 418 202
car 0.0787 10 167 86 259
person 0.0708 413 153 441 190
pottedplant 0.0691 87 -5 165 58
car 0.0637 99 183 162 215
person 0.0622 409 156 427 187
person 0.0621 330 147 411 235
car 0.0586 262 161 306 218
car 0.0514 29 170 123 307
person 0.0500 366 151 387 189
