person 0.9540 80 67 453 302
chair 0.9512 333 128 440 269
person 0.8052 152 73 391 214
person 0.1898 180 86 239 157
chair 0.1763 385 119 449 268
chair 0.1763 337 174 415 259
bottle 0.1683 317 120 413 194
tvmonitor 0.1259 62 2 111 45
tvmonitor 0.1213 168 65 212 114
person 0.1135 0 256 40 325
sofa 0.1079 41 119 448 308
chair 0.0883 98 156 449 306
person 0.0874 316 116 436 258
chair 0.0808 52 13 126 97
person 0.0695 156 87 295 186
person 0.0682 247 89 411 239
chair 0.0595 213 83 421 262
chair 0.0549 334 219 401 256
chair 0.0522 77 34 116 95
