person 0.9970 85 46 285 334
person 0.8183 -10 27 61 298
person 0.3457 286 21 332 271
bottle 0.3129 179 417 289 493
person 0.2011 0 408 79 492
bottle 0.1650 70 402 170 482
person 0.1055 288 27 326 132
person 0.0923 246 0 306 316
person 0.0692 7 190 71 296
person 0.0654 10 220 44 312
aeroplane 0.0647 109 188 170 225
person 0.0636 2 11 67 183
person 0.0615 0 228 28 317
bottle 0.0571 180 415 221 484
chair 0.0537 247 336 313 433
person 0.0519 280 106 324 324
chair 0.0509 277 306 322 456
chair 0.0504 52 173 76 233
