diningtable 0.9982 99 177 317 307
chair 0.9938 300 173 387 317
chair 0.5478 75 165 165 326
pottedplant 0.5113 202 129 266 211
chair 0.4525 324 175 369 234
chair 0.2245 148 186 236 313
chair 0.2003 205 225 283 310
chair 0.1671 394 212 487 329
tvmonitor 0.1670 128 138 178 193
chair 0.1484 427 187 490 267
bottle 0.1303 409 140 439 200
pottedplant 0.1224 209 164 256 217
chair 0.1194 368 209 449 322
chair 0.1184 245 166 317 290
chair 0.1151 314 182 379 263
chair 0.1093 182 183 266 310
chair 0.1080 264 172 347 312
chair 0.0966 339 172 410 313
chair 0.0958 304 178 343 228
person 0.0941 4 143 31 202
chair 0.0910 285 174 331 224
chair 0.0858 216 160 285 290
pottedplant 0.0830 77 122 134 166
chair 0.0824 286 167 362 236
tvmonitor 0.0793 76 157 154 230
person 0.0792 64 77 131 161
person 0.0782 339 179 375 240
chair 0.0754 454 186 487 235
diningtable 0.0739 228 192 321 269
pottedplant 0.0692 201 126 238 196
chair 0.0678 362 174 435 287
chair 0.0675 384 185 416 245
person 0.0630 23 153 48 187
person 0.0617 65 114 160 308
chair 0.0615 263 169 320 200
pottedplant 0.0613 236 144 267 205
chair 0.0603 168 146 213 197
chair 0.0581 391 206 439 258
car 0.0550 21 180 75 217
person 0.0540 31 157 64 188
chair 0.0514 76 157 154 230
