person 0.9993 18 79 193 361
person 0.9944 205 120 360 333
person 0.9786 310 50 441 259
pottedplant 0.4311 365 -4 473 219
pottedplant 0.3136 428 47 493 225
person 0.1814 317 123 462 348
person 0.1763 229 66 415 297
chair 0.1710 335 72 474 344
bicycle 0.1690 22 110 194 350
person 0.1689 350 58 423 153
pottedplant 0.1466 402 5 487 162
bottle 0.1241 186 5 196 50
chair 0.1062 223 266 294 366
person 0.1057 262 182 387 361
bottle 0.1052 195 1 213 63
bottle 0.0917 175 14 185 46
chair 0.0869 361 187 486 363
person 0.0868 296 140 421 293
person 0.0859 410 62 452 119
chair 0.0822 434 139 469 241
chair 0.0810 131 291 204 365
bottle 0.0758 201 1 216 27
person 0.0741 379 56 448 140
bottle 0.0738 208 4 225 53
pottedplant 0.0737 401 -1 474 86
person 0.0718 360 16 474 280
bottle 0.0672 208 3 222 26
bottle 0.0672 357 9 392 68
bottle 0.0653 188 2 199 26
person 0.0602 0 271 32 369
chair 0.0585 444 173 494 265
person 0.0568 274 36 370 124
bottle 0.0562 161 20 171 47
tvmonitor 0.0545 202 275 280 364
bottle 0.0544 217 8 243 61
bottle 0.0523 147 18 161 49
pottedplant 0.0508 398 68 473 243
