pottedplant 0.7290 283 56 419 284
tvmonitor 0.3299 315 206 390 313
dog 0.2090 211 222 284 301
pottedplant 0.1857 305 94 379 168
pottedplant 0.1112 321 65 449 124
bird 0.1005 203 224 289 302
pottedplant 0.0953 312 144 390 298
cat 0.0817 211 222 284 301
pottedplant 0.0772 317 143 357 197
pottedplant 0.0715 312 131 362 170
person 0.0708 207 226 288 308
pottedplant 0.0696 320 127 380 207
person 0.0619 161 66 233 120
person 0.0573 356 6 388 74
chair 0.0563 70 235 294 302
pottedplant 0.0504 298 73 450 201
