bicycle 0.9052 3 120 73 230
pottedplant 0.8706 175 163 242 224
pottedplant 0.7884 281 156 319 215
person 0.4246 136 152 163 207
bicycle 0.3309 0 147 43 231
pottedplant 0.2139 386 199 401 241
car 0.1778 418 214 449 244
pottedplant 0.1596 392 203 407 236
pottedplant 0.1350 184 157 229 195
person 0.1349 151 153 175 212
pottedplant 0.1011 387 197 405 221
pottedplant 0.0840 184 1 214 42
pottedplant 0.0820 394 201 410 220
person 0.0799 465 182 491 295
chair 0.0769 321 213 362 277
pottedplant 0.0727 363 191 382 257
pottedplant 0.0675 377 195 391 226
pottedplant 0.0602 273 154 298 216
pottedplant 0.0587 192 149 224 181
pottedplant 0.0515 263 153 281 214
