person 0.9955 376 37 491 172
person 0.9916 0 120 178 345
person 0.9561 287 40 462 193
person 0.8532 105 74 414 306
chair 0.7992 228 26 287 125
person 0.6842 312 60 394 151
chair 0.6477 48 1 114 91
chair 0.5729 116 6 186 77
person 0.5380 384 42 458 134
diningtable 0.4684 63 1 195 76
chair 0.4205 256 15 300 61
chair 0.4120 43 69 110 181
chair 0.3933 167 8 211 75
chair 0.3797 9 34 120 187
chair 0.2805 0 140 183 347
chair 0.2218 246 17 298 96
sofa 0.2164 78 70 420 290
person 0.1889 153 108 234 195
chair 0.1854 47 27 123 144
chair 0.1636 42 -1 92 55
chair 0.1475 268 36 339 123
chair 0.1412 171 26 237 72
chair 0.1398 74 17 118 112
chair 0.1282 260 43 441 194
diningtable 0.1181 109 12 219 94
chair 0.1135 65 -1 126 53
chair 0.1095 387 36 494 177
person 0.1094 143 95 321 243
chair 0.0947 99 7 158 69
person 0.0940 315 54 358 111
chair 0.0872 135 13 215 85
chair 0.0865 204 45 269 123
chair 0.0811 154 36 231 131
chair 0.0810 82 37 147 156
person 0.0746 187 60 415 202
chair 0.0707 134 7 193 48
chair 0.0638 110 72 417 316
chair 0.0586 173 30 258 113
chair 0.0565 384 240 452 338
chair 0.0554 405 86 485 206
chair 0.0533 50 -1 107 30
chair 0.0531 23 12 101 111
chair 0.0527 180 8 217 48
chair 0.0511 87 20 131 79
