person 0.9990 324 68 428 342
person 0.9954 131 43 210 343
person 0.9832 189 82 281 343
person 0.9831 431 94 490 246
person 0.9362 50 76 144 358
person 0.7476 282 86 366 339
person 0.6889 245 90 311 328
person 0.4418 410 89 468 249
person 0.1682 305 102 347 151
person 0.1668 257 101 304 156
person 0.1346 252 101 315 212
person 0.1252 349 100 378 184
person 0.1244 197 105 260 199
person 0.1201 204 103 252 159
person 0.1179 305 101 374 211
person 0.1178 121 99 157 191
person 0.1082 323 105 348 140
person 0.1031 357 84 465 290
person 0.1031 465 96 494 192
person 0.0929 283 101 311 139
person 0.0893 298 97 330 140
person 0.0861 429 98 455 167
person 0.0822 371 71 448 182
person 0.0773 346 109 360 133
person 0.0759 336 107 360 155
person 0.0701 224 107 255 149
person 0.0688 455 84 481 242
person 0.0681 110 93 143 163
person 0.0656 107 89 164 228
person 0.0625 54 80 120 180
person 0.0615 352 104 372 145
person 0.0606 438 93 472 187
person 0.0590 85 85 156 170
person 0.0578 146 72 207 201
person 0.0568 112 77 170 349
person 0.0557 357 106 369 128
person 0.0522 357 86 387 174
person 0.0504 359 102 371 120
person 0.0502 95 90 128 165
