person 0.9985 43 224 132 482
person 0.9589 27 202 79 379
person 0.8864 274 123 332 286
person 0.6722 200 223 246 280
person 0.4543 0 255 33 356
boat 0.3024 209 3 350 61
person 0.2987 173 152 205 235
person 0.2291 24 208 90 290
person 0.1994 5 172 33 240
person 0.1654 4 256 50 395
person 0.1319 30 312 61 420
person 0.1263 19 172 43 238
person 0.1178 3 253 34 307
boat 0.0896 31 69 412 426
person 0.0861 321 158 351 203
person 0.0798 44 314 70 421
person 0.0687 174 178 197 251
bottle 0.0684 371 33 382 60
person 0.0658 279 121 318 208
person 0.0582 346 29 358 53
person 0.0580 18 268 48 351
chair 0.0578 12 331 46 417
person 0.0543 22 153 45 204
car 0.0541 24 187 76 222
person 0.0528 1 178 20 230
person 0.0528 378 163 401 198
person 0.0517 35 228 81 314
person 0.0517 27 175 61 238
bottle 0.0502 364 34 375 57
