person 0.9991 168 33 364 363
person 0.9991 75 214 216 362
person 0.9923 370 247 485 367
person 0.9000 1 157 41 235
person 0.8892 1 212 66 355
person 0.6647 43 196 70 246
person 0.5666 457 234 490 298
person 0.4361 145 210 185 300
person 0.3869 418 235 459 283
person 0.3382 174 147 240 287
chair 0.2690 397 320 492 369
chair 0.2357 8 263 61 350
person 0.2277 73 199 105 240
person 0.2215 326 214 389 335
person 0.1872 24 204 89 349
person 0.1808 166 186 232 336
person 0.1672 426 228 484 295
person 0.1574 339 211 382 290
person 0.1552 53 197 83 244
person 0.1467 51 206 126 338
boat 0.1337 52 183 443 355
person 0.1186 11 172 46 335
person 0.0869 64 207 109 281
person 0.0808 20 189 61 311
person 0.0807 205 144 255 197
boat 0.0799 63 191 214 340
person 0.0786 295 206 368 344
person 0.0757 171 216 207 300
person 0.0754 402 249 492 325
person 0.0682 10 156 33 212
person 0.0657 7 203 45 259
person 0.0651 395 256 429 293
person 0.0648 386 260 413 309
person 0.0631 155 245 224 364
person 0.0628 304 200 473 349
person 0.0627 413 253 468 292
person 0.0598 36 209 64 254
person 0.0569 171 138 281 330
person 0.0564 48 197 66 228
person 0.0541 10 216 76 286
person 0.0540 338 241 425 347
person 0.0539 7 218 17 282
person 0.0538 188 145 263 220
person 0.0529 476 88 491 167
person 0.0514 387 228 460 298
person 0.0501 357 288 426 372
