person 0.9992 3 169 72 333
person 0.9897 191 140 262 321
person 0.9889 149 126 206 300
person 0.9789 338 146 408 333
chair 0.9263 401 263 474 332
person 0.8891 286 150 341 251
chair 0.6922 184 283 260 334
person 0.5019 455 205 492 275
chair 0.4758 112 242 165 320
person 0.4144 401 165 432 233
diningtable 0.4034 254 256 351 335
person 0.3915 428 171 459 274
car 0.3481 454 152 494 229
person 0.3473 289 153 353 325
chair 0.3382 262 261 335 337
chair 0.3151 431 247 485 330
chair 0.2597 459 237 491 330
chair 0.2591 118 278 172 335
person 0.2373 410 158 462 295
person 0.2221 246 155 311 331
horse 0.2045 52 130 117 200
person 0.1987 373 143 430 308
chair 0.1846 261 281 307 335
chair 0.1831 395 280 448 331
person 0.1729 435 161 482 289
chair 0.1509 293 266 364 332
chair 0.1454 308 269 338 333
chair 0.1438 399 244 434 321
person 0.1410 349 221 375 334
chair 0.1363 242 257 300 336
person 0.1349 390 154 416 219
person 0.1231 376 222 401 329
chair 0.1201 197 247 275 336
diningtable 0.1109 408 254 484 334
chair 0.1080 91 271 202 333
person 0.1049 413 167 441 263
diningtable 0.1037 196 278 305 335
person 0.0958 361 223 387 334
person 0.0935 404 160 425 212
chair 0.0927 230 286 277 334
person 0.0871 154 118 210 215
car 0.0841 462 154 485 187
person 0.0826 414 161 434 213
chair 0.0812 276 253 315 321
person 0.0802 323 169 349 227
person 0.0776 345 152 411 244
person 0.0752 266 205 343 337
person 0.0746 195 234 269 325
diningtable 0.0732 272 274 413 333
chair 0.0720 321 278 350 321
chair 0.0712 80 281 127 335
person 0.0706 401 214 473 308
chair 0.0679 170 281 216 332
person 0.0659 460 158 487 297
person 0.0652 398 159 411 196
chair 0.0649 175 244 246 321
chair 0.0634 382 285 420 332
chair 0.0629 290 265 327 331
chair 0.0625 109 268 150 329
chair 0.0618 143 285 181 334
chair 0.0598 156 231 216 321
car 0.0597 449 155 485 202
diningtable 0.0571 67 244 360 323
chair 0.0558 393 231 461 319
person 0.0549 207 147 290 282
person 0.0543 2 158 55 230
chair 0.0540 147 273 239 333
person 0.0526 125 121 182 283
person 0.0521 480 184 489 250
person 0.0516 408 160 421 195
person 0.0511 371 150 409 212
diningtable 0.0504 326 277 469 334
person 0.0502 403 158 415 183
diningtable 0.0501 259 252 343 289
