person 0.9989 55 -6 323 403
person 0.8660 383 62 465 340
person 0.3242 288 54 368 392
person 0.3147 427 92 487 340
person 0.2551 35 99 72 168
person 0.1637 357 93 411 325
person 0.1442 435 86 491 190
person 0.1278 19 92 59 321
person 0.0882 127 13 279 124
bottle 0.0866 391 152 432 243
person 0.0802 379 90 443 239
person 0.0753 14 94 38 335
person 0.0752 414 112 484 226
person 0.0737 170 33 245 122
person 0.0646 65 93 116 209
person 0.0615 294 76 348 154
person 0.0597 325 95 388 330
person 0.0564 384 105 424 203
person 0.0534 1 116 31 210
