aeroplane 0.8535 26 9 483 285
dog 0.8115 266 257 299 339
person 0.5869 310 167 331 224
person 0.4611 186 272 215 349
person 0.3951 239 22 293 87
person 0.3202 377 227 406 299
person 0.3082 436 261 487 368
dog 0.2892 377 227 406 299
boat 0.2420 20 9 486 286
person 0.1835 201 333 237 368
person 0.1598 459 280 490 363
person 0.1234 266 252 298 336
aeroplane 0.0929 161 183 271 239
car 0.0867 162 81 208 127
person 0.0748 465 250 494 337
dog 0.0723 152 181 278 236
bird 0.0673 187 274 216 349
person 0.0654 447 302 484 367
person 0.0538 176 40 200 75
person 0.0534 316 179 339 227
person 0.0516 357 45 384 96
