person 0.9995 192 62 319 311
person 0.9978 311 90 364 254
person 0.9591 185 109 213 185
person 0.9104 368 84 447 310
motorbike 0.8984 423 169 496 316
person 0.8506 64 107 118 226
person 0.6987 31 113 62 177
person 0.6141 461 99 492 168
person 0.5589 115 115 154 195
person 0.5464 7 115 21 196
motorbike 0.4176 380 147 479 304
person 0.3826 208 111 230 178
person 0.2974 428 94 483 174
person 0.2507 424 96 461 153
motorbike 0.2459 63 115 121 230
person 0.2370 362 82 411 267
person 0.2315 167 110 183 147
chair 0.2186 222 250 376 324
car 0.1807 74 181 120 239
person 0.1634 85 110 145 219
motorbike 0.1405 116 123 154 199
person 0.1386 163 112 176 143
person 0.1343 58 110 86 181
person 0.1327 22 112 48 166
car 0.1294 30 111 67 164
person 0.1082 146 114 164 145
person 0.1046 274 90 329 255
person 0.0989 111 112 147 162
person 0.0942 447 111 488 188
bicycle 0.0918 115 120 155 203
person 0.0893 151 112 163 134
person 0.0881 446 101 491 143
person 0.0878 309 102 340 171
car 0.0876 222 250 376 324
person 0.0838 410 95 446 151
person 0.0796 133 115 161 173
car 0.0790 429 77 484 110
person 0.0782 155 111 167 131
person 0.0779 98 107 125 196
person 0.0772 217 106 233 152
person 0.0741 182 107 200 152
person 0.0735 213 115 239 194
person 0.0717 174 108 190 135
car 0.0714 61 112 120 223
person 0.0702 148 112 158 130
person 0.0699 471 100 487 144
person 0.0699 134 112 152 133
motorbike 0.0673 222 250 376 324
person 0.0659 140 111 156 129
person 0.0655 395 89 451 171
person 0.0652 10 114 36 157
car 0.0650 105 120 155 202
person 0.0650 351 127 376 236
person 0.0633 166 109 176 125
person 0.0632 439 109 496 230
person 0.0627 151 111 159 123
person 0.0623 191 107 217 147
person 0.0606 187 108 207 136
person 0.0598 358 96 388 203
person 0.0583 160 109 167 119
person 0.0581 43 110 72 153
person 0.0576 10 114 19 153
person 0.0549 138 112 149 124
person 0.0549 173 108 183 126
person 0.0540 14 116 25 155
motorbike 0.0531 165 115 180 143
person 0.0524 62 110 81 145
person 0.0521 123 110 144 128
person 0.0513 10 123 26 175
person 0.0513 172 101 182 121
person 0.0506 127 67 244 315
person 0.0504 75 104 102 136
