person 0.9446 20 188 73 270
person 0.9119 356 182 394 269
person 0.9071 331 246 367 330
person 0.8524 216 182 251 265
person 0.8199 305 175 333 258
person 0.8161 79 180 123 259
person 0.7962 250 174 297 294
person 0.6900 128 161 154 224
person 0.6802 322 174 351 256
person 0.5252 174 178 207 252
person 0.3295 281 183 311 260
person 0.3208 186 188 220 266
person 0.3152 335 180 361 254
person 0.3050 127 178 159 261
person 0.2250 345 183 378 256
person 0.2126 161 185 198 231
person 0.1697 244 174 274 269
person 0.1655 82 214 132 270
car 0.1415 77 212 205 268
person 0.1412 200 183 231 255
person 0.1401 30 197 115 273
dog 0.1293 268 250 320 297
person 0.1199 153 184 181 235
person 0.1016 110 173 133 236
person 0.0965 140 185 213 260
chair 0.0845 396 94 428 147
person 0.0838 218 180 244 227
boat 0.0804 395 87 484 167
person 0.0799 204 179 227 225
person 0.0772 258 203 321 281
boat 0.0725 318 80 489 158
person 0.0717 231 181 251 225
person 0.0714 285 180 306 225
person 0.0701 193 182 217 226
person 0.0678 299 178 322 234
person 0.0666 290 200 324 268
person 0.0626 303 180 353 287
person 0.0614 121 163 142 203
person 0.0600 88 172 145 275
person 0.0597 167 217 217 268
person 0.0556 356 184 392 225
person 0.0547 334 199 388 308
person 0.0535 255 219 289 300
person 0.0522 90 185 130 233
person 0.0519 169 181 204 213
person 0.0518 150 166 211 231
person 0.0517 337 179 358 212
boat 0.0512 5 92 134 242
