person 0.9932 -11 40 202 474
person 0.7328 296 0 356 187
pottedplant 0.3755 152 0 264 173
motorbike 0.2423 35 63 332 493
person 0.2401 166 119 198 181
person 0.1236 67 51 296 487
tvmonitor 0.1065 231 115 317 253
person 0.1009 99 0 139 64
chair 0.0744 333 33 368 128
bottle 0.0733 330 77 350 138
person 0.0718 268 0 322 186
chair 0.0667 329 63 353 131
pottedplant 0.0659 184 2 252 76
chair 0.0612 68 1 113 63
sofa 0.0608 -2 48 89 135
person 0.0590 6 6 76 131
person 0.0587 75 4 128 62
chair 0.0556 -2 48 89 135
person 0.0553 232 109 316 254
chair 0.0521 224 170 258 242
pottedplant 0.0508 196 27 265 121
chair 0.0500 3 391 57 489
