person 0.9999 274 97 455 309
person 0.9983 21 50 165 313
person 0.9966 165 61 292 313
person 0.7777 0 13 63 188
person 0.5762 385 -18 476 273
person 0.4745 220 20 328 304
person 0.2181 120 50 237 309
person 0.1660 20 2 74 274
person 0.1645 13 15 61 98
person 0.1416 419 3 490 152
person 0.1250 447 -4 492 81
person 0.1210 157 58 214 159
person 0.1046 270 37 339 216
person 0.1003 13 22 47 244
person 0.0997 199 82 269 184
person 0.0907 73 66 209 261
person 0.0713 276 37 346 129
chair 0.0694 4 224 35 315
person 0.0679 25 70 107 259
person 0.0623 351 135 428 235
chair 0.0520 405 30 426 86
cat 0.0512 151 7 208 67
