person 0.9998 3 135 78 324
person 0.9979 338 195 452 324
person 0.9975 246 112 313 321
person 0.9944 81 60 199 308
person 0.4282 227 154 242 203
person 0.3134 76 159 100 239
person 0.2426 90 12 148 275
person 0.1955 139 94 208 319
person 0.1814 362 148 385 203
person 0.1710 333 155 361 221
person 0.1564 327 150 345 201
person 0.1460 351 147 377 204
person 0.1449 212 155 226 206
person 0.1233 396 138 422 204
person 0.1220 42 150 75 219
person 0.1120 202 154 219 190
person 0.1017 346 162 379 230
person 0.0934 317 149 333 202
person 0.0912 340 148 358 189
person 0.0909 294 128 322 206
person 0.0884 370 147 382 171
person 0.0862 377 145 404 198
person 0.0839 374 145 385 162
person 0.0799 234 156 245 191
person 0.0737 331 149 344 177
person 0.0720 190 163 216 240
person 0.0713 357 146 371 174
person 0.0708 386 144 397 161
person 0.0704 251 110 324 219
person 0.0686 359 166 386 227
person 0.0679 373 151 381 164
person 0.0652 215 156 233 188
person 0.0635 230 154 242 180
person 0.0632 382 147 394 170
person 0.0586 359 148 369 162
person 0.0568 381 144 392 158
person 0.0538 342 144 358 167
person 0.0525 334 147 347 168
person 0.0524 212 152 227 180
person 0.0516 392 143 403 157
person 0.0500 60 157 82 198
