horse 0.9998 304 146 437 292
horse 0.9969 115 139 243 246
horse 0.9941 26 135 163 242
person 0.9682 83 108 114 201
horse 0.9605 255 150 351 260
person 0.8457 176 103 207 200
person 0.7972 269 109 305 190
person 0.5309 455 136 481 188
person 0.4623 429 146 445 195
person 0.3870 402 136 426 188
horse 0.3541 208 148 301 256
horse 0.3492 454 139 482 188
person 0.2622 420 143 440 196
person 0.2393 350 102 396 232
horse 0.1764 26 130 98 219
person 0.1516 398 148 432 228
person 0.0940 451 137 468 189
horse 0.0901 249 138 304 238
horse 0.0877 301 147 365 244
horse 0.0858 110 172 157 239
person 0.0736 408 131 422 166
cow 0.0732 115 141 189 235
horse 0.0716 385 156 441 237
person 0.0597 409 144 421 177
person 0.0581 402 142 415 181
horse 0.0545 420 147 444 195
person 0.0505 419 139 435 171
