sofa 0.9647 233 206 470 314
tvmonitor 0.9435 28 195 84 250
chair 0.7470 17 240 88 334
tvmonitor 0.4562 364 96 431 181
pottedplant 0.4164 241 189 276 225
pottedplant 0.2746 301 144 325 177
pottedplant 0.2589 230 186 262 226
pottedplant 0.2507 298 104 327 136
pottedplant 0.2437 305 192 333 218
pottedplant 0.2256 307 115 337 171
pottedplant 0.2253 299 131 322 164
pottedplant 0.2168 289 97 347 178
pottedplant 0.2110 0 179 37 252
pottedplant 0.2026 310 157 336 198
pottedplant 0.1763 308 140 338 183
pottedplant 0.1637 220 179 245 229
pottedplant 0.1613 301 189 321 218
pottedplant 0.1514 274 193 294 219
pottedplant 0.1435 321 154 341 196
tvmonitor 0.1426 84 207 136 291
pottedplant 0.1320 323 179 340 212
pottedplant 0.1310 302 160 325 187
pottedplant 0.1173 296 195 312 218
pottedplant 0.1076 318 195 337 216
pottedplant 0.1024 301 111 316 133
pottedplant 0.1021 296 151 314 176
pottedplant 0.1015 304 99 338 144
pottedplant 0.0956 257 190 278 218
pottedplant 0.0946 305 182 336 209
pottedplant 0.0871 293 191 305 216
pottedplant 0.0807 297 121 309 141
pottedplant 0.0801 297 143 308 162
pottedplant 0.0795 226 182 285 231
pottedplant 0.0765 301 136 312 151
pottedplant 0.0759 300 199 327 222
pottedplant 0.0756 295 166 309 185
pottedplant 0.0748 288 141 347 207
person 0.0747 13 237 92 334
pottedplant 0.0714 213 171 225 189
pottedplant 0.0713 224 174 241 201
pottedplant 0.0687 293 170 305 194
chair 0.0672 68 243 97 303
pottedplant 0.0665 250 187 270 212
pottedplant 0.0660 301 126 333 152
pottedplant 0.0636 225 151 243 172
person 0.0628 184 117 201 165
pottedplant 0.0605 231 114 257 150
pottedplant 0.0597 318 118 341 159
pottedplant 0.0595 274 188 287 208
pottedplant 0.0589 211 181 229 209
person 0.0586 183 135 198 175
pottedplant 0.0578 234 178 251 203
chair 0.0577 13 221 52 336
pottedplant 0.0571 233 149 257 176
pottedplant 0.0566 197 169 207 193
pottedplant 0.0558 247 150 273 178
chair 0.0548 71 220 134 295
pottedplant 0.0543 185 164 197 187
pottedplant 0.0542 291 106 313 138
pottedplant 0.0540 212 155 224 174
pottedplant 0.0532 228 109 250 138
pottedplant 0.0516 338 178 350 211
chair 0.0509 386 215 465 296
pottedplant 0.0504 203 185 232 223
