person 0.9933 139 113 198 323
person 0.9869 333 76 428 306
person 0.9839 30 198 94 315
person 0.9614 292 96 366 318
person 0.9541 240 116 290 319
person 0.9531 190 116 244 321
person 0.9223 434 66 493 319
person 0.6462 68 189 123 283
person 0.3835 378 60 461 302
person 0.2271 127 109 171 299
person 0.1604 87 173 139 314
person 0.1535 320 110 390 326
person 0.1484 192 112 229 216
person 0.0951 413 108 461 147
person 0.0946 11 157 71 299
person 0.0875 249 117 286 232
person 0.0868 335 93 384 156
person 0.0590 9 164 40 319
person 0.0569 451 71 488 157
person 0.0533 378 111 445 146
person 0.0523 229 121 261 243
person 0.0520 395 79 475 155
