person 0.9999 276 41 390 314
person 0.9965 155 46 229 248
person 0.9782 34 42 129 294
person 0.9322 230 55 258 163
person 0.9306 258 55 287 156
person 0.9295 410 46 486 255
person 0.7480 294 52 334 116
person 0.7095 118 88 156 200
person 0.5146 401 56 429 134
person 0.5073 357 61 393 122
car 0.4157 8 143 39 193
person 0.3706 459 43 493 117
person 0.3554 164 43 223 146
person 0.3477 53 60 115 178
person 0.3450 406 47 480 140
person 0.3102 100 56 144 221
person 0.1956 376 65 396 119
person 0.1787 393 65 413 123
person 0.1777 463 34 488 227
person 0.1507 219 61 242 155
person 0.1433 204 70 230 153
person 0.1429 241 55 266 152
person 0.1408 121 59 153 118
person 0.1276 296 50 374 119
person 0.1271 102 67 123 128
person 0.1261 347 61 380 110
person 0.1205 109 61 119 81
person 0.1139 404 56 429 91
person 0.1055 124 60 132 79
person 0.1020 327 56 394 136
person 0.1010 148 57 157 80
person 0.0993 134 57 145 79
person 0.0976 398 82 428 171
person 0.0929 420 109 482 224
person 0.0925 106 61 121 94
person 0.0923 156 52 170 81
person 0.0888 355 73 408 255
person 0.0879 407 49 444 113
person 0.0874 286 55 313 110
person 0.0858 461 30 478 63
person 0.0821 457 44 483 79
person 0.0808 408 160 477 255
person 0.0806 127 55 136 71
person 0.0804 136 54 146 71
person 0.0793 173 46 214 102
person 0.0768 237 64 251 84
person 0.0765 184 75 223 164
person 0.0745 142 67 162 134
person 0.0739 252 60 263 80
person 0.0735 466 16 490 67
person 0.0727 112 56 122 72
person 0.0725 411 101 440 188
person 0.0717 127 55 149 92
person 0.0709 257 57 283 109
person 0.0699 387 73 418 158
person 0.0697 104 92 123 168
person 0.0690 466 4 484 48
person 0.0689 157 166 226 252
person 0.0685 145 65 161 95
person 0.0680 449 43 461 63
person 0.0679 88 64 112 106
person 0.0662 310 47 359 94
person 0.0660 256 57 266 73
person 0.0659 154 85 169 142
person 0.0635 227 65 240 85
person 0.0634 353 57 374 88
person 0.0625 62 61 108 120
person 0.0625 164 44 190 82
person 0.0616 242 58 253 74
person 0.0608 399 58 417 89
person 0.0599 284 76 309 138
person 0.0593 124 53 130 66
person 0.0592 124 57 138 81
person 0.0587 23 50 42 89
person 0.0584 31 56 47 87
person 0.0582 328 55 367 112
person 0.0577 262 57 278 81
person 0.0575 110 49 118 64
person 0.0573 95 54 107 79
person 0.0571 477 72 488 178
person 0.0571 409 55 426 77
person 0.0570 212 65 224 86
person 0.0556 177 49 206 80
person 0.0549 115 61 167 146
person 0.0548 337 49 361 72
person 0.0548 194 61 213 88
person 0.0540 156 111 169 175
person 0.0540 25 -9 98 89
person 0.0538 266 58 276 71
person 0.0538 164 65 188 146
person 0.0533 417 48 465 98
person 0.0531 149 54 155 68
person 0.0530 163 48 180 69
person 0.0527 441 48 466 75
person 0.0519 135 53 142 67
person 0.0519 370 75 404 154
person 0.0518 161 54 170 71
person 0.0517 119 56 134 88
person 0.0512 142 52 151 66
person 0.0511 463 103 494 196
person 0.0511 99 57 113 84
person 0.0510 289 52 327 215
person 0.0503 232 60 254 107
bicycle 0.0503 4 97 47 153
