person 0.9971 193 135 255 328
person 0.9645 221 116 383 314
person 0.9334 377 91 472 308
person 0.8792 42 71 131 299
person 0.8139 347 149 412 273
person 0.4393 170 132 226 318
person 0.2981 334 145 372 202
person 0.2667 376 145 433 289
person 0.2427 205 124 225 170
person 0.2164 366 139 407 183
person 0.2111 170 129 207 201
pottedplant 0.2061 167 251 204 323
person 0.1937 254 127 312 219
person 0.1793 297 126 364 259
person 0.1777 241 126 301 274
person 0.1776 264 128 298 188
person 0.1607 433 112 491 194
person 0.1399 418 108 489 278
person 0.1195 423 143 454 201
person 0.1157 341 145 391 229
person 0.1110 265 117 344 263
person 0.1069 275 117 350 191
person 0.0985 356 145 401 204
person 0.0905 213 129 247 171
person 0.0888 386 135 412 180
person 0.0868 407 115 428 175
person 0.0854 193 134 217 186
chair 0.0845 208 241 248 325
person 0.0835 153 130 209 234
person 0.0802 308 104 443 299
person 0.0801 164 129 193 166
person 0.0735 198 136 233 212
person 0.0717 108 138 142 189
person 0.0689 256 130 287 174
person 0.0676 214 127 280 302
person 0.0640 197 142 265 227
person 0.0619 400 184 486 328
person 0.0570 344 144 383 183
person 0.0570 361 130 392 179
person 0.0563 392 108 477 183
person 0.0561 331 135 366 176
person 0.0559 228 128 257 175
person 0.0558 277 115 313 175
person 0.0555 382 149 417 194
person 0.0547 149 133 183 178
person 0.0533 408 88 439 163
person 0.0521 215 122 235 151
person 0.0517 220 132 289 211
person 0.0515 241 135 275 178
person 0.0509 223 141 260 202
person 0.0506 199 121 219 150
