person 0.9999 89 89 297 354
bus 0.9992 298 69 426 210
bus 0.9777 212 90 296 196
car 0.9737 106 130 170 175
person 0.8899 73 130 101 194
person 0.8770 33 137 53 194
person 0.6198 423 135 460 229
person 0.5574 7 128 20 196
bus 0.3468 75 107 221 171
bus 0.2336 433 71 487 233
person 0.1996 41 135 69 187
person 0.1950 60 131 92 190
train 0.1211 220 100 296 190
bus 0.0867 364 67 477 211
bus 0.0778 416 105 471 230
bus 0.0771 102 87 298 200
car 0.0698 29 142 91 184
person 0.0672 436 123 463 205
person 0.0627 413 151 444 229
car 0.0625 53 134 112 178
person 0.0525 39 125 107 188
car 0.0503 14 126 121 187
person 0.0501 414 160 430 221
