boat 0.9997 -6 0 389 483
person 0.9530 84 364 109 434
person 0.7465 175 363 201 430
person 0.6270 152 360 170 429
person 0.6095 225 367 247 428
person 0.3534 114 361 142 431
person 0.2498 274 407 323 477
boat 0.1438 321 355 354 368
person 0.1066 212 374 233 430
boat 0.0806 336 356 359 367
person 0.0781 103 366 126 430
person 0.0768 130 361 151 423
boat 0.0730 330 358 343 368
boat 0.0621 16 414 101 441
person 0.0583 198 378 217 429
boat 0.0576 324 360 342 371
bicycle 0.0542 224 397 253 430
bicycle 0.0533 215 394 233 429
car 0.0503 119 366 156 391
