person 0.9893 158 29 291 311
person 0.9705 345 6 431 137
person 0.9451 378 44 469 297
person 0.9269 18 35 118 289
person 0.8038 77 50 183 273
person 0.7737 208 36 328 286
person 0.7521 107 41 243 277
person 0.6608 154 15 208 87
person 0.5964 258 41 365 275
person 0.5590 426 80 492 334
person 0.5195 325 78 389 267
person 0.4749 12 72 43 247
person 0.3836 348 73 423 276
person 0.3671 369 63 440 162
person 0.3323 353 33 454 196
person 0.3151 141 64 186 123
person 0.3100 96 72 157 172
person 0.2885 127 62 202 248
person 0.2249 147 22 253 99
person 0.2016 0 59 33 144
person 0.1990 415 89 490 204
person 0.1817 280 62 349 149
person 0.1814 57 66 128 266
person 0.1749 119 66 188 161
person 0.1742 172 17 208 56
person 0.1518 6 58 67 254
person 0.1326 367 145 433 263
person 0.1309 2 44 32 102
person 0.1284 0 145 39 245
person 0.1252 387 59 480 185
person 0.1221 84 66 111 125
person 0.1188 76 40 114 103
person 0.1075 157 48 195 105
person 0.0964 106 72 149 128
person 0.0920 1 101 34 189
person 0.0903 72 62 124 139
person 0.0828 229 39 293 123
person 0.0779 11 57 48 150
person 0.0776 404 70 441 143
person 0.0775 308 34 411 203
person 0.0767 423 63 488 160
person 0.0734 278 144 377 276
bottle 0.0723 171 203 209 269
person 0.0712 20 43 109 143
dog 0.0712 121 180 203 267
person 0.0678 134 43 212 125
person 0.0677 468 28 496 109
person 0.0660 10 67 29 121
person 0.0631 6 68 24 153
person 0.0616 301 56 341 97
person 0.0607 97 31 217 94
person 0.0602 432 60 478 116
bottle 0.0599 186 192 220 254
person 0.0589 202 23 274 117
person 0.0564 415 219 490 313
person 0.0560 343 113 378 218
person 0.0553 342 66 379 149
person 0.0541 206 30 330 95
person 0.0537 115 66 153 108
person 0.0524 319 55 353 111
person 0.0522 37 204 108 292
person 0.0512 399 47 475 127
bottle 0.0505 193 121 279 207
