person 0.9816 309 140 397 311
person 0.9797 158 152 256 321
person 0.9210 276 149 326 299
person 0.9098 89 169 144 319
person 0.8965 394 142 425 232
person 0.7648 66 164 121 318
person 0.7400 115 162 149 247
person 0.6515 44 168 104 261
person 0.5654 112 172 168 320
person 0.5171 0 227 31 294
person 0.3430 1 179 30 261
person 0.3394 268 157 294 261
person 0.2619 133 169 168 233
person 0.2603 232 166 252 237
person 0.2315 37 177 82 246
car 0.2113 456 155 490 186
person 0.2009 248 168 267 237
person 0.1966 17 185 45 248
person 0.1743 221 166 242 235
person 0.1634 92 158 132 255
person 0.1555 259 163 281 243
person 0.1328 269 156 295 204
person 0.1255 300 139 315 169
person 0.1246 124 216 198 305
person 0.1244 293 140 307 171
person 0.1099 161 156 227 262
person 0.1098 283 153 311 209
person 0.1045 261 159 281 200
person 0.1044 121 191 180 273
person 0.1016 237 167 252 201
person 0.1008 81 234 162 315
dog 0.0955 138 206 188 276
person 0.0882 313 148 376 238
car 0.0862 149 160 179 190
person 0.0841 208 156 229 200
person 0.0814 291 153 319 253
person 0.0808 289 148 309 187
person 0.0799 143 182 178 243
person 0.0782 225 161 241 193
person 0.0778 251 167 263 200
person 0.0743 206 164 233 241
person 0.0739 8 173 23 245
person 0.0724 344 144 357 168
person 0.0721 342 148 366 177
person 0.0684 97 165 131 217
person 0.0637 322 232 403 314
person 0.0629 387 182 435 235
car 0.0627 4 185 35 246
person 0.0624 258 163 271 186
person 0.0618 230 161 245 187
person 0.0617 144 164 179 206
person 0.0614 41 171 77 215
bicycle 0.0613 387 182 435 235
person 0.0610 269 161 289 188
person 0.0610 12 185 30 241
person 0.0596 244 163 257 187
person 0.0595 265 221 334 313
car 0.0580 45 158 149 234
person 0.0576 327 137 349 165
person 0.0564 140 207 182 262
person 0.0559 316 137 335 163
person 0.0542 308 136 323 158
person 0.0530 378 144 391 182
person 0.0522 358 146 369 171
person 0.0521 160 161 196 239
person 0.0513 223 151 275 296
person 0.0501 350 153 370 196
