person 0.9924 105 33 323 478
person 0.9101 -8 282 41 479
person 0.7601 43 271 129 389
person 0.6382 16 264 124 468
person 0.6306 315 290 370 451
person 0.4360 93 275 133 367
person 0.2967 72 282 136 459
bicycle 0.2402 27 359 150 492
person 0.2272 88 69 163 209
person 0.1756 34 263 67 328
person 0.1490 331 360 369 446
motorbike 0.1146 27 341 144 493
person 0.1019 27 341 144 493
person 0.0959 43 260 77 315
person 0.0875 322 387 354 454
person 0.0820 105 279 156 417
person 0.0738 -5 367 29 482
person 0.0670 141 69 229 175
person 0.0666 23 272 55 340
person 0.0635 65 281 107 371
person 0.0619 40 262 112 329
person 0.0619 357 411 368 466
bicycle 0.0614 78 384 168 488
person 0.0599 112 275 146 337
person 0.0583 29 263 54 299
person 0.0526 41 273 83 340
