person 0.9999 117 101 356 359
person 0.8863 320 32 375 124
person 0.8457 81 54 157 230
person 0.6388 16 61 50 210
person 0.5615 27 60 55 146
person 0.3656 6 29 24 107
person 0.3508 238 32 316 177
person 0.3036 0 128 56 221
person 0.2216 427 124 441 164
chair 0.2057 2 191 132 356
person 0.1928 34 85 53 158
car 0.1792 334 136 408 205
motorbike 0.1546 332 133 406 206
person 0.1467 24 49 60 110
diningtable 0.1370 6 200 138 358
person 0.1349 3 42 31 125
chair 0.1301 70 73 159 243
boat 0.1004 202 25 258 99
person 0.0929 63 114 79 153
person 0.0912 349 130 374 180
person 0.0896 268 64 304 151
car 0.0874 15 7 98 77
person 0.0869 35 62 92 214
person 0.0855 278 42 312 118
person 0.0791 66 41 126 211
person 0.0783 270 35 292 70
person 0.0782 265 28 334 150
person 0.0727 338 124 364 181
person 0.0695 110 44 140 95
person 0.0691 231 72 275 119
person 0.0682 346 145 400 204
person 0.0646 303 42 364 191
person 0.0644 41 102 58 151
person 0.0643 423 125 433 156
person 0.0642 18 92 54 166
person 0.0621 209 25 255 102
person 0.0570 7 26 62 185
person 0.0559 233 60 304 141
person 0.0555 320 69 354 140
person 0.0553 4 27 35 87
person 0.0548 1 71 40 171
person 0.0537 411 129 424 152
person 0.0533 60 97 81 147
person 0.0509 415 121 426 162
person 0.0500 258 32 287 68
