person 0.9997 250 146 308 291
person 0.9995 113 113 177 264
person 0.9969 58 113 110 295
person 0.9968 345 113 401 307
person 0.9934 381 170 454 349
person 0.9665 172 104 223 273
person 0.9636 304 108 354 264
person 0.9034 197 112 245 274
person 0.6295 142 109 194 266
person 0.3091 241 105 262 184
person 0.2000 217 108 243 206
person 0.1270 235 107 253 197
person 0.0963 348 108 406 210
person 0.0881 236 107 257 146
person 0.0856 201 107 233 209
person 0.0826 220 108 244 148
person 0.0767 294 129 321 220
person 0.0759 245 124 270 199
person 0.0747 202 107 235 154
person 0.0727 228 135 279 282
person 0.0685 336 127 363 220
person 0.0651 160 109 190 172
person 0.0625 65 190 103 299
person 0.0604 314 112 353 156
person 0.0599 228 107 248 129
bottle 0.0548 219 108 241 221
person 0.0525 253 146 304 209
person 0.0521 262 198 302 291
