person 0.9916 110 60 420 354
person 0.9873 70 86 238 356
person 0.8008 444 135 490 292
person 0.7609 194 142 250 239
person 0.6478 418 126 460 215
person 0.6372 314 153 363 230
person 0.4951 0 118 121 363
person 0.1887 13 137 103 226
person 0.1579 462 142 492 236
person 0.1550 408 119 445 188
person 0.1277 1 143 78 266
person 0.1269 433 116 468 201
person 0.1257 44 134 116 207
person 0.1181 447 125 486 202
person 0.1094 446 153 472 266
person 0.0942 24 140 66 233
chair 0.0900 5 270 63 374
person 0.0851 129 108 219 217
person 0.0814 169 125 241 223
person 0.0737 223 149 256 232
bottle 0.0696 92 141 126 203
chair 0.0605 372 217 441 359
diningtable 0.0579 5 278 78 369
person 0.0548 465 140 485 182
chair 0.0543 7 302 45 369
person 0.0531 10 137 44 288
person 0.0503 264 127 342 224
person 0.0503 121 137 247 290
