horse 0.9981 267 130 458 325
person 0.3322 259 141 294 197
horse 0.3203 354 143 488 338
person 0.3105 196 123 247 237
person 0.1629 206 128 243 198
person 0.1231 228 138 260 220
horse 0.1022 415 145 491 310
horse 0.0993 221 164 347 310
horse 0.0936 272 160 377 292
horse 0.0856 312 210 403 309
person 0.0836 214 128 295 225
person 0.0833 226 170 266 241
person 0.0831 231 144 255 182
person 0.0831 170 143 236 230
motorbike 0.0801 188 220 223 299
pottedplant 0.0775 130 162 214 240
person 0.0738 239 145 270 213
person 0.0702 185 128 220 164
motorbike 0.0693 181 216 257 296
bicycle 0.0648 163 152 236 229
person 0.0592 166 119 242 181
person 0.0576 197 124 247 165
person 0.0550 175 137 204 181
person 0.0540 246 137 298 176
person 0.0530 171 147 189 170
motorbike 0.0525 126 187 214 275
person 0.0522 248 154 308 276
person 0.0513 194 130 217 151
horse 0.0506 240 155 323 267
chair 0.0503 142 171 228 241
