person 0.9999 49 -9 228 351
person 0.9998 291 41 424 312
person 0.9996 425 69 488 202
person 0.9562 282 74 332 215
car 0.9303 4 101 85 161
person 0.8696 339 73 370 157
person 0.7119 210 81 254 229
person 0.6829 69 97 97 163
person 0.2594 257 75 303 218
person 0.2228 417 67 444 145
person 0.1518 369 47 436 160
person 0.1304 445 67 484 149
person 0.0842 415 126 473 194
person 0.0840 174 92 223 229
car 0.0760 44 101 94 165
person 0.0750 326 61 379 223
person 0.0746 187 171 254 241
person 0.0613 415 63 440 102
person 0.0582 343 70 373 117
car 0.0567 458 78 488 118
person 0.0565 268 146 343 216
person 0.0549 59 94 126 176
person 0.0537 395 52 431 132
person 0.0535 458 70 486 114
person 0.0534 457 64 478 93
person 0.0516 103 52 127 108
person 0.0510 433 69 450 95
person 0.0504 327 89 351 146
