person 0.9795 172 192 201 263
person 0.8351 89 193 116 274
person 0.6974 51 186 79 298
person 0.3170 0 192 13 278
person 0.1917 286 200 297 235
person 0.1534 134 206 144 229
person 0.1509 6 194 18 240
person 0.1508 72 195 91 271
person 0.1447 278 204 287 232
person 0.1434 10 194 20 224
person 0.1348 188 197 206 243
person 0.1301 17 193 26 219
person 0.1269 194 199 208 235
person 0.1244 118 204 127 228
person 0.1229 259 206 270 231
person 0.1184 140 206 149 228
person 0.1181 234 204 241 222
person 0.1115 256 204 266 232
person 0.1100 124 204 134 228
person 0.1092 243 203 252 227
person 0.1076 133 203 142 220
person 0.1076 159 201 166 216
person 0.1076 143 204 151 219
person 0.1075 254 206 262 228
person 0.1066 157 198 164 218
person 0.1065 30 194 38 216
person 0.1054 26 197 35 218
person 0.1036 170 194 188 245
person 0.1025 242 207 249 224
person 0.1016 120 201 130 223
person 0.1000 211 203 217 220
person 0.0990 268 205 279 231
person 0.0960 98 198 115 237
person 0.0953 162 195 171 214
person 0.0947 263 204 271 223
person 0.0943 6 189 17 219
person 0.0941 2 190 14 233
person 0.0939 14 198 24 224
person 0.0926 223 206 229 222
person 0.0893 135 198 143 211
person 0.0886 146 198 155 210
person 0.0879 139 199 149 218
person 0.0874 205 201 213 222
person 0.0869 274 202 280 216
person 0.0848 127 198 139 218
person 0.0847 116 198 125 217
person 0.0835 238 201 248 226
person 0.0834 179 194 189 214
person 0.0831 171 196 181 214
person 0.0822 252 203 257 216
person 0.0806 229 202 235 221
person 0.0800 88 197 109 247
person 0.0790 169 191 177 203
person 0.0779 36 194 45 217
person 0.0766 221 199 227 215
person 0.0756 153 202 160 222
person 0.0753 290 205 302 231
person 0.0744 155 193 163 204
person 0.0742 142 194 150 204
person 0.0738 232 201 239 218
person 0.0732 145 206 153 225
person 0.0721 284 199 291 217
person 0.0717 175 193 183 208
person 0.0714 239 201 245 215
person 0.0692 193 195 206 216
person 0.0691 277 205 285 220
person 0.0688 28 188 35 203
person 0.0665 125 193 134 204
person 0.0662 181 195 198 227
person 0.0655 117 196 126 209
person 0.0653 98 195 112 219
person 0.0643 261 203 267 216
person 0.0639 110 206 123 245
person 0.0638 159 205 166 224
person 0.0637 59 190 76 220
person 0.0636 106 196 121 218
person 0.0631 36 197 54 261
person 0.0630 170 193 182 226
person 0.0628 208 199 216 218
person 0.0625 41 193 50 210
person 0.0619 91 195 105 220
person 0.0598 202 211 210 234
person 0.0575 179 191 187 203
person 0.0572 265 199 271 209
person 0.0553 16 186 24 202
person 0.0549 57 189 68 209
person 0.0543 37 190 44 204
person 0.0540 51 190 59 204
person 0.0539 2 199 26 272
person 0.0539 28 197 34 209
person 0.0538 273 194 279 202
person 0.0531 182 195 193 211
person 0.0528 52 191 65 218
person 0.0517 3 192 12 208
person 0.0513 74 195 87 218
person 0.0504 279 199 287 211
person 0.0500 108 192 119 204
