person 0.8773 226 215 261 325
person 0.8210 152 221 176 302
person 0.6281 101 221 118 288
person 0.2910 190 221 203 269
person 0.2750 200 219 214 271
person 0.2175 210 220 227 272
bicycle 0.2082 149 247 177 307
person 0.1719 221 222 248 307
person 0.1634 182 222 192 267
person 0.1283 177 227 190 280
motorbike 0.1209 149 247 177 307
bicycle 0.1153 11 266 34 330
person 0.1007 186 227 196 259
person 0.0900 105 222 119 263
person 0.0852 87 231 103 288
person 0.0834 163 226 175 264
person 0.0795 242 216 266 308
person 0.0758 192 222 201 248
person 0.0705 115 236 125 273
person 0.0702 215 236 232 290
person 0.0702 154 202 166 243
person 0.0698 207 221 217 250
person 0.0693 180 223 188 246
person 0.0690 200 223 208 241
person 0.0668 193 236 207 274
person 0.0663 169 223 179 248
person 0.0649 154 224 166 262
person 0.0648 189 223 197 242
person 0.0644 158 224 164 240
person 0.0636 213 222 222 242
person 0.0634 119 229 127 255
bicycle 0.0630 3 273 17 336
person 0.0615 203 211 214 244
person 0.0595 164 218 174 245
person 0.0577 199 183 216 226
person 0.0561 135 226 141 240
person 0.0551 149 226 155 244
person 0.0551 233 223 260 270
person 0.0545 184 236 197 272
person 0.0539 159 222 168 248
person 0.0537 159 188 173 228
person 0.0527 147 227 154 252
person 0.0523 199 230 210 256
person 0.0520 184 221 191 236
person 0.0507 222 222 233 244
person 0.0505 179 209 187 232
person 0.0503 121 226 128 244
person 0.0500 142 235 151 274
