person 0.9994 418 102 492 242
bicycle 0.9990 189 180 259 307
person 0.9989 69 83 126 202
bicycle 0.9986 318 179 427 317
person 0.9983 186 91 257 268
person 0.9974 310 73 414 271
bicycle 0.9860 405 168 487 278
bicycle 0.9518 48 152 147 229
bicycle 0.4556 357 174 462 304
bicycle 0.2164 58 133 122 212
dog 0.1924 233 237 319 280
person 0.1806 338 88 418 186
person 0.1734 318 168 394 272
bicycle 0.1178 315 170 393 271
person 0.1151 165 99 172 124
person 0.1108 148 98 157 123
person 0.1035 138 100 146 121
bicycle 0.0914 287 125 407 295
person 0.0881 171 98 180 126
person 0.0803 152 100 159 119
person 0.0774 133 102 143 127
person 0.0733 127 97 137 118
person 0.0725 180 85 248 178
person 0.0716 171 100 177 115
person 0.0691 147 103 153 120
person 0.0689 145 99 151 114
person 0.0679 160 103 166 121
person 0.0674 162 101 170 123
person 0.0647 131 98 140 120
bicycle 0.0633 208 230 285 305
person 0.0608 181 99 187 114
person 0.0603 116 91 132 115
person 0.0598 174 99 182 118
person 0.0592 151 108 158 124
person 0.0583 135 101 144 117
bicycle 0.0558 202 189 233 294
bicycle 0.0552 365 230 434 322
person 0.0538 108 89 127 119
person 0.0536 178 102 187 124
person 0.0509 122 95 133 127
person 0.0503 370 93 442 257
person 0.0503 165 98 171 109
