diningtable 0.9940 148 185 342 286
chair 0.9893 300 187 354 303
chair 0.8593 195 198 255 308
chair 0.8339 247 196 303 306
chair 0.6347 147 188 199 298
chair 0.5485 387 171 443 274
chair 0.4747 124 181 160 258
chair 0.2994 221 198 283 309
chair 0.2157 168 223 208 313
diningtable 0.1179 179 199 286 309
chair 0.1043 279 190 332 303
chair 0.0961 329 183 359 287
chair 0.0960 262 183 299 251
chair 0.0951 146 182 182 263
chair 0.0834 402 181 455 302
chair 0.0802 209 240 248 320
chair 0.0767 256 185 291 221
chair 0.0766 187 196 220 300
chair 0.0719 229 226 259 314
chair 0.0628 372 217 447 318
chair 0.0620 183 192 250 228
chair 0.0617 314 185 354 243
diningtable 0.0614 172 222 240 313
chair 0.0600 276 190 309 276
chair 0.0558 160 185 194 236
chair 0.0539 240 222 271 316
chair 0.0526 127 179 151 217
diningtable 0.0518 388 167 450 261
chair 0.0516 335 187 358 234
