person 0.9999 65 66 412 500
bicycle 0.9929 27 288 397 483
person 0.8740 50 123 109 198
person 0.6985 7 82 58 184
person 0.6454 398 113 450 270
person 0.5170 289 87 322 139
person 0.4987 45 69 233 471
person 0.4127 251 74 290 131
person 0.3727 314 91 377 168
person 0.3719 350 108 413 223
person 0.3562 0 100 50 245
bicycle 0.3476 223 262 436 467
person 0.2905 102 106 170 215
person 0.2296 328 96 394 199
person 0.2183 416 184 450 261
bicycle 0.1795 385 242 456 458
person 0.1530 87 127 168 287
person 0.1472 320 87 369 128
bicycle 0.1424 43 197 428 410
person 0.1280 88 105 124 178
person 0.1266 307 101 371 242
person 0.1256 3 106 33 175
person 0.1242 4 127 69 202
person 0.1026 388 102 426 168
person 0.1000 283 102 341 258
person 0.0977 39 92 65 162
person 0.0976 414 176 451 390
bicycle 0.0898 2 344 162 493
bicycle 0.0865 410 208 452 416
person 0.0837 410 112 452 195
person 0.0814 118 76 186 197
person 0.0783 -1 142 54 318
person 0.0775 269 77 306 127
bicycle 0.0771 331 313 455 483
person 0.0770 287 88 347 156
person 0.0766 262 90 323 220
person 0.0737 184 372 262 498
person 0.0735 307 123 407 457
person 0.0724 400 97 443 168
person 0.0680 51 114 87 171
person 0.0622 298 70 383 142
person 0.0613 290 85 344 123
person 0.0613 252 104 374 484
person 0.0612 38 136 104 237
person 0.0608 44 97 62 135
person 0.0591 73 111 111 174
pottedplant 0.0569 45 4 81 55
person 0.0536 57 115 81 149
person 0.0536 375 113 413 194
person 0.0533 405 151 443 246
person 0.0531 2 194 50 390
bicycle 0.0526 34 306 228 472
bicycle 0.0522 347 203 440 462
person 0.0508 61 97 180 359
person 0.0500 118 137 182 234
person 0.0500 260 125 311 294
