person 0.9986 189 104 352 282
person 0.9900 117 87 245 277
person 0.8675 23 203 96 282
person 0.3684 0 223 35 282
person 0.2991 48 175 110 277
person 0.2763 55 128 102 202
person 0.2745 28 161 59 218
person 0.2373 23 191 63 267
person 0.2220 7 151 34 214
person 0.1514 70 163 129 286
person 0.1169 369 221 431 289
person 0.1085 1 169 31 238
person 0.0992 23 166 74 244
person 0.0933 70 141 106 231
person 0.0881 47 197 83 263
person 0.0839 45 122 87 175
person 0.0816 62 159 94 238
person 0.0805 25 142 77 209
person 0.0774 10 202 45 277
person 0.0761 15 158 43 220
person 0.0671 10 230 30 275
person 0.0634 36 136 127 264
person 0.0591 49 234 102 282
bottle 0.0587 220 224 246 276
chair 0.0570 93 170 159 258
person 0.0552 7 154 19 211
person 0.0538 26 146 59 193
person 0.0522 7 130 30 189
