person 0.9997 143 35 351 351
chair 0.9995 396 19 478 135
chair 0.9919 323 39 398 146
chair 0.8117 0 117 72 220
chair 0.4158 0 203 137 365
chair 0.3374 38 93 85 142
chair 0.2864 99 80 173 149
tvmonitor 0.2548 38 93 85 142
chair 0.2484 101 78 151 124
chair 0.1403 279 43 343 138
chair 0.1191 48 105 118 233
tvmonitor 0.1136 266 50 316 102
chair 0.1112 83 108 199 350
chair 0.1063 6 108 39 150
chair 0.0996 234 37 324 129
chair 0.0975 153 73 201 130
chair 0.0938 26 100 91 171
chair 0.0897 125 89 191 159
chair 0.0755 142 81 185 138
tvmonitor 0.0723 324 32 379 70
person 0.0710 313 213 454 361
chair 0.0668 2 114 59 170
chair 0.0505 214 42 291 142
chair 0.0502 49 93 121 168
