sofa 0.9985 368 215 493 361
person 0.9695 137 180 200 259
diningtable 0.9597 4 205 346 350
pottedplant 0.1587 264 158 312 216
person 0.1065 209 176 249 245
chair 0.0986 290 202 342 238
chair 0.0900 271 281 360 369
sofa 0.0814 409 214 493 280
chair 0.0789 200 181 259 252
chair 0.0736 370 227 490 368
chair 0.0679 190 192 241 242
person 0.0659 129 202 155 261
chair 0.0647 305 308 360 363
sofa 0.0613 327 197 438 342
pottedplant 0.0551 259 176 342 245
chair 0.0545 357 299 389 361
chair 0.0506 238 198 280 261
sofa 0.0501 440 210 493 262
person 0.0501 164 177 203 241
