person 0.9904 59 103 266 471
horse 0.7304 50 165 248 479
person 0.5924 5 0 80 85
person 0.4287 256 147 302 231
person 0.3501 100 61 135 134
person 0.3048 82 73 106 129
person 0.2728 114 38 147 101
person 0.2337 0 188 27 241
person 0.1814 290 140 321 216
person 0.1467 5 207 47 275
person 0.1408 18 118 46 177
person 0.1370 52 189 81 234
person 0.1332 46 116 76 181
person 0.1315 10 196 45 240
person 0.1296 45 202 84 298
person 0.1222 64 87 93 168
person 0.1206 103 121 201 236
person 0.1187 56 181 118 306
person 0.1055 94 129 123 211
person 0.1052 293 63 320 107
person 0.1002 57 177 98 227
person 0.0998 301 175 324 232
person 0.0984 1 12 55 71
person 0.0965 236 147 265 227
person 0.0921 78 90 103 156
person 0.0911 26 194 52 236
person 0.0896 26 29 58 91
person 0.0888 2 192 61 311
person 0.0843 23 147 53 200
person 0.0810 91 70 122 132
person 0.0790 2 62 24 116
person 0.0743 78 131 108 221
person 0.0729 22 211 57 295
person 0.0683 291 194 323 269
person 0.0645 50 145 80 207
person 0.0643 12 36 41 88
person 0.0632 125 93 195 187
person 0.0630 35 221 73 312
person 0.0628 5 42 28 86
person 0.0611 0 183 16 232
person 0.0584 86 94 154 204
person 0.0572 38 195 71 235
person 0.0567 56 73 105 151
person 0.0545 137 56 155 89
person 0.0532 83 149 144 294
