person 0.9998 231 93 402 363
person 0.9996 13 38 234 363
person 0.3380 4 165 35 243
person 0.2561 7 162 60 323
person 0.2529 458 121 482 344
person 0.2124 79 87 146 157
person 0.1987 12 159 47 224
person 0.1711 13 241 54 320
person 0.1614 350 142 413 313
person 0.1065 335 119 359 175
person 0.0887 63 271 149 368
person 0.0764 8 175 23 270
person 0.0758 286 109 360 190
person 0.0758 22 155 63 203
person 0.0744 383 160 416 253
person 0.0736 19 153 45 196
person 0.0676 4 74 31 174
person 0.0610 289 107 336 161
person 0.0604 232 162 255 247
person 0.0594 27 253 56 309
person 0.0590 40 270 107 351
person 0.0573 10 157 76 234
person 0.0570 4 151 35 200
person 0.0566 12 163 28 201
dog 0.0564 85 205 130 257
person 0.0564 172 131 231 344
dog 0.0563 75 205 150 281
person 0.0533 29 134 99 272
person 0.0527 320 112 352 158
person 0.0515 383 146 439 281
