horse 0.9986 123 30 346 233
person 0.9963 194 21 280 138
pottedplant 0.9141 352 178 463 277
pottedplant 0.3388 41 247 100 308
person 0.2132 299 241 342 288
person 0.1345 329 238 367 287
pottedplant 0.1146 53 247 87 293
pottedplant 0.1110 34 253 61 291
person 0.1038 7 259 45 304
person 0.0892 319 236 347 287
person 0.0831 149 272 159 285
person 0.0828 142 271 149 284
bird 0.0761 200 37 281 116
pottedplant 0.0744 15 239 76 306
horse 0.0654 155 28 298 166
person 0.0652 126 271 135 286
chair 0.0631 5 263 47 308
person 0.0623 151 265 159 277
pottedplant 0.0620 24 235 124 296
person 0.0584 145 267 151 280
person 0.0567 131 271 142 286
cow 0.0559 140 40 216 130
person 0.0550 267 219 285 265
person 0.0538 300 159 361 250
pottedplant 0.0535 440 142 472 200
pottedplant 0.0534 36 174 90 304
pottedplant 0.0527 47 242 74 279
person 0.0517 274 243 289 269
pottedplant 0.0517 4 161 56 289
person 0.0509 27 118 55 188
person 0.0505 281 257 300 277
