person 0.7817 311 164 377 317
person 0.7196 58 183 110 308
motorbike 0.5258 109 227 220 319
person 0.4699 51 56 135 186
person 0.4306 228 35 345 291
person 0.3349 48 232 76 292
bicycle 0.2166 106 241 178 319
person 0.1644 295 88 439 293
tvmonitor 0.1634 328 29 414 108
person 0.1573 64 124 120 276
person 0.1460 338 165 409 318
person 0.1342 106 241 178 319
person 0.1241 81 72 149 224
person 0.1105 314 171 357 263
person 0.1082 342 134 465 298
person 0.1068 5 114 71 273
person 0.1004 84 179 139 306
person 0.0890 365 84 485 244
person 0.0859 101 66 175 200
person 0.0823 189 230 219 297
person 0.0818 35 123 100 270
person 0.0747 172 231 205 295
chair 0.0692 0 237 36 298
person 0.0689 436 118 489 311
person 0.0685 112 196 188 306
person 0.0679 253 66 391 249
person 0.0679 10 124 42 298
person 0.0663 110 108 175 268
person 0.0628 77 186 111 274
chair 0.0616 375 259 411 317
person 0.0608 245 258 271 315
person 0.0590 100 161 160 250
person 0.0573 236 253 258 315
person 0.0561 199 245 221 309
person 0.0549 24 90 109 221
person 0.0528 393 160 474 314
person 0.0522 247 80 316 273
chair 0.0506 150 165 241 246
person 0.0504 95 177 126 259
