person 0.9956 267 13 417 299
person 0.9361 169 20 354 331
motorbike 0.7276 146 116 474 325
person 0.1796 353 75 394 130
person 0.1726 243 52 354 247
person 0.1506 343 76 405 162
person 0.1351 205 26 282 117
person 0.0948 468 84 480 108
person 0.0857 463 86 482 120
person 0.0851 320 19 368 80
person 0.0795 468 81 488 132
car 0.0779 223 54 449 312
person 0.0737 215 24 252 75
person 0.0694 293 14 366 111
person 0.0657 407 122 447 180
person 0.0616 456 88 482 151
car 0.0598 170 240 212 309
person 0.0597 463 86 474 107
person 0.0574 413 106 441 151
person 0.0535 357 91 439 184
person 0.0530 348 68 424 256
person 0.0506 474 88 481 108
person 0.0503 72 37 118 220
