person 0.9904 198 84 315 312
motorbike 0.8866 215 169 325 341
person 0.5243 277 95 336 189
cow 0.3414 434 97 472 148
car 0.2370 209 97 253 150
person 0.1742 266 85 336 284
car 0.0904 248 97 287 134
car 0.0753 189 70 259 149
car 0.0746 187 99 230 150
motorbike 0.0732 193 86 307 313
bottle 0.0718 249 230 291 314
person 0.0706 244 94 278 169
train 0.0670 187 58 263 143
car 0.0621 337 96 353 107
person 0.0554 230 93 318 199
car 0.0549 346 96 362 107
car 0.0530 293 94 330 113
person 0.0516 211 96 249 151
car 0.0509 358 97 373 108
boat 0.0507 376 49 398 113
person 0.0502 214 131 247 202
