person 0.9998 25 43 190 365
person 0.9995 302 85 361 250
person 0.9977 282 66 463 316
person 0.8739 174 143 211 225
bottle 0.3923 436 297 482 367
chair 0.2352 206 162 269 248
person 0.2027 199 137 234 216
bottle 0.1860 451 247 478 311
bottle 0.1832 415 301 442 367
person 0.1084 368 82 440 181
chair 0.1023 433 298 481 367
person 0.0969 177 135 210 183
person 0.0961 174 124 226 254
person 0.0961 433 123 456 166
person 0.0950 427 127 485 251
person 0.0886 196 133 264 225
diningtable 0.0800 427 134 483 234
person 0.0776 449 134 483 188
person 0.0716 443 130 470 161
person 0.0704 149 114 196 276
person 0.0695 239 134 270 197
person 0.0668 172 113 187 165
person 0.0591 420 112 483 189
person 0.0585 424 116 454 185
chair 0.0584 193 170 240 233
boat 0.0559 279 -6 471 164
diningtable 0.0543 215 312 481 366
person 0.0541 119 103 176 242
person 0.0538 152 110 180 205
