car 0.9776 392 112 477 188
car 0.9616 341 116 409 169
person 0.7391 202 171 227 224
person 0.5913 235 112 271 221
person 0.1788 457 142 483 220
car 0.1462 402 99 457 133
car 0.1345 329 110 381 166
car 0.0899 426 128 487 202
car 0.0818 465 84 491 155
person 0.0760 269 139 294 201
person 0.0720 215 106 229 138
car 0.0671 397 97 439 117
person 0.0645 221 100 238 140
person 0.0637 220 106 233 129
person 0.0624 478 146 488 219
person 0.0618 259 115 285 210
car 0.0573 411 100 447 123
person 0.0571 202 185 211 210
car 0.0568 370 89 417 113
car 0.0566 385 93 428 115
car 0.0564 456 98 488 221
person 0.0563 123 97 173 147
car 0.0559 331 97 367 147
person 0.0538 196 188 206 218
