person 0.9992 -8 87 133 487
person 0.9982 -10 0 100 153
person 0.9736 121 114 284 483
person 0.7398 240 3 311 335
person 0.2459 258 12 328 227
person 0.2178 127 107 190 209
car 0.2012 198 89 267 154
person 0.0881 -11 77 96 174
person 0.0863 143 104 198 164
person 0.0654 -3 4 75 93
person 0.0606 257 13 327 102
person 0.0580 124 112 165 190
person 0.0559 288 11 324 86
person 0.0548 248 71 282 148
person 0.0535 58 70 103 118
car 0.0525 255 58 295 114
person 0.0518 -1 6 12 65
bottle 0.0512 220 162 264 209
person 0.0509 2 46 86 137
