person 0.9969 165 11 319 198
person 0.9875 369 37 494 215
person 0.9807 159 139 456 334
person 0.9474 135 130 332 304
person 0.9383 398 0 449 74
chair 0.9243 25 82 151 220
chair 0.4056 342 18 421 74
diningtable 0.2830 30 132 498 313
chair 0.2609 263 42 326 79
chair 0.2453 257 0 341 66
sofa 0.2320 150 27 374 189
diningtable 0.1557 334 8 422 67
chair 0.1537 399 0 451 76
person 0.1436 190 23 275 129
chair 0.1027 277 28 336 72
chair 0.1024 297 8 341 65
person 0.0948 358 5 439 71
sofa 0.0882 40 113 491 338
person 0.0881 387 12 473 92
chair 0.0836 332 19 375 74
sofa 0.0802 14 57 151 219
chair 0.0679 156 97 191 165
chair 0.0668 66 140 147 217
chair 0.0640 36 17 67 82
chair 0.0619 299 86 389 156
chair 0.0609 71 57 135 85
chair 0.0594 355 42 436 78
diningtable 0.0561 351 169 495 341
chair 0.0521 150 27 374 189
