person 0.9972 217 86 411 361
person 0.9961 31 115 205 352
pottedplant 0.9311 407 53 491 186
sofa 0.7699 17 115 487 391
person 0.4974 119 114 236 355
person 0.3196 311 124 370 218
person 0.2584 170 100 294 352
person 0.1948 151 136 228 239
person 0.1475 40 197 118 368
chair 0.1314 0 278 67 370
person 0.1042 307 128 344 205
person 0.0991 308 127 450 356
sofa 0.0840 31 109 258 353
person 0.0775 79 150 166 253
pottedplant 0.0709 378 19 470 229
sofa 0.0507 153 100 412 345
pottedplant 0.0502 428 106 492 270
