person 0.9974 9 245 108 369
person 0.9936 179 146 247 351
person 0.9761 304 131 356 308
bicycle 0.9723 243 177 442 333
person 0.9565 122 157 183 295
motorbike 0.8963 119 189 196 303
person 0.8518 241 170 269 270
bicycle 0.3947 260 213 375 316
person 0.3470 437 114 494 373
person 0.3294 293 138 326 244
person 0.1836 404 78 472 351
person 0.1369 143 155 178 241
bicycle 0.1345 115 202 198 311
person 0.1253 316 145 355 243
person 0.1098 285 141 337 302
person 0.0719 121 163 165 240
person 0.0647 214 169 245 261
person 0.0630 255 156 305 299
person 0.0597 250 171 278 252
person 0.0593 458 121 482 374
person 0.0565 273 165 293 211
motorbike 0.0550 119 160 181 264
person 0.0534 267 172 296 235
