person 0.9952 271 41 359 296
person 0.9660 431 53 494 307
person 0.9453 93 47 186 289
person 0.8770 368 73 435 304
person 0.6614 53 84 130 304
person 0.5164 10 76 39 294
person 0.2115 409 29 467 291
boat 0.1657 192 188 306 260
person 0.1610 340 54 414 297
boat 0.1385 158 -14 284 232
person 0.1012 432 56 499 162
person 0.1011 366 75 433 180
person 0.0963 289 62 374 173
person 0.0949 50 76 125 176
person 0.0690 125 190 193 300
person 0.0683 112 61 195 163
person 0.0668 4 72 34 178
person 0.0629 160 -15 272 247
person 0.0616 450 203 482 302
person 0.0516 171 56 235 244
