person 0.9848 251 194 294 242
person 0.9748 372 170 440 285
person 0.9698 381 274 492 366
person 0.9117 301 189 357 252
person 0.5973 436 178 490 260
person 0.4374 92 187 167 286
diningtable 0.4134 66 227 454 346
cat 0.3955 199 195 249 256
person 0.3546 117 185 161 261
person 0.2696 388 173 437 238
person 0.1964 406 189 480 287
person 0.1959 436 182 470 234
sofa 0.1199 375 178 478 296
person 0.1020 197 198 245 254
person 0.1020 419 233 489 357
person 0.0984 415 175 472 252
person 0.0964 298 214 348 263
person 0.0913 269 198 311 245
chair 0.0907 360 225 395 281
person 0.0889 457 183 489 243
chair 0.0849 123 326 291 366
person 0.0661 464 197 494 268
bird 0.0638 272 28 312 71
person 0.0626 378 226 460 346
person 0.0619 258 194 284 226
person 0.0612 128 186 195 275
chair 0.0589 386 185 475 291
chair 0.0523 197 198 245 254
person 0.0522 48 196 164 325
person 0.0509 401 176 443 216
cat 0.0500 423 265 492 344
