person 0.8516 318 124 376 370
aeroplane 0.4983 39 16 407 181
person 0.3538 396 145 414 195
person 0.2660 458 118 493 178
person 0.1777 86 138 114 190
person 0.1771 383 148 393 191
person 0.1556 373 149 385 187
car 0.1063 457 124 489 178
person 0.1045 446 160 492 254
horse 0.0965 393 143 415 196
person 0.0928 73 139 96 187
person 0.0908 157 132 179 187
person 0.0842 64 141 87 186
person 0.0764 372 147 383 169
person 0.0694 383 147 392 168
bicycle 0.0664 66 143 108 188
bicycle 0.0653 316 256 373 369
person 0.0635 399 150 409 172
person 0.0575 386 145 397 172
horse 0.0567 82 142 126 188
person 0.0565 118 142 132 177
person 0.0552 392 144 404 167
horse 0.0550 458 118 493 178
person 0.0516 465 116 480 152
person 0.0512 377 158 389 189
person 0.0506 407 151 416 167
