person 0.9474 165 117 223 291
person 0.9131 207 106 278 321
person 0.8789 266 88 341 320
person 0.7867 148 173 185 251
pottedplant 0.7569 321 150 404 279
person 0.7111 122 161 154 233
person 0.3231 98 180 135 250
person 0.3156 386 145 422 230
person 0.2834 32 156 64 235
pottedplant 0.2652 48 199 106 263
car 0.2345 4 173 65 253
person 0.1944 115 166 175 276
person 0.1640 104 159 146 209
car 0.1383 25 160 133 221
chair 0.1137 133 177 196 280
pottedplant 0.1118 383 137 429 266
pottedplant 0.1055 367 180 406 247
person 0.1039 175 111 215 205
person 0.0961 148 159 203 286
chair 0.0956 153 184 220 288
person 0.0917 93 161 133 197
pottedplant 0.0896 336 152 387 212
person 0.0816 81 159 151 235
chair 0.0774 3 166 61 265
car 0.0711 25 138 134 193
person 0.0701 396 150 430 260
person 0.0696 209 95 280 203
person 0.0695 30 181 62 270
person 0.0668 4 169 69 252
person 0.0606 135 168 169 247
car 0.0590 24 183 125 246
pottedplant 0.0549 336 133 421 229
person 0.0538 38 153 71 203
person 0.0534 262 89 333 203
person 0.0511 49 197 103 263
car 0.0510 11 131 80 213
person 0.0507 124 159 152 192
