chair 0.9983 1 133 77 276
chair 0.6770 158 115 229 189
diningtable 0.6745 67 114 213 197
diningtable 0.6352 13 124 469 310
chair 0.6013 101 116 169 198
chair 0.2507 58 118 145 202
chair 0.2324 160 113 195 184
chair 0.2270 8 127 84 210
diningtable 0.2134 51 129 117 194
chair 0.1937 65 140 101 193
chair 0.1703 85 135 114 196
chair 0.1644 258 97 291 152
pottedplant 0.1550 419 71 461 112
chair 0.1509 437 76 489 184
chair 0.1457 147 116 182 183
chair 0.1295 125 117 196 188
chair 0.1151 188 112 236 163
chair 0.1139 97 118 130 203
chair 0.1125 364 75 447 165
chair 0.1112 132 113 164 188
diningtable 0.0850 128 111 197 189
chair 0.0820 319 95 434 172
chair 0.0723 402 85 476 180
chair 0.0709 0 195 61 329
diningtable 0.0704 28 109 285 260
pottedplant 0.0658 293 132 370 227
chair 0.0651 25 149 77 196
pottedplant 0.0627 73 28 97 64
chair 0.0619 458 87 493 161
diningtable 0.0616 132 113 258 176
pottedplant 0.0570 120 75 194 132
pottedplant 0.0566 85 22 112 61
pottedplant 0.0547 396 65 463 125
person 0.0522 370 62 411 129
chair 0.0514 1 169 114 323
