person 0.9988 240 30 371 361
bicycle 0.9913 177 183 287 365
person 0.9604 62 95 129 225
person 0.7401 418 98 484 191
person 0.5524 200 103 237 188
person 0.5478 397 112 441 186
person 0.4594 226 101 262 173
person 0.3205 250 97 299 242
person 0.2912 43 99 73 165
person 0.2375 57 131 93 221
person 0.2237 6 102 32 203
person 0.2024 111 101 172 228
person 0.1771 210 99 247 167
person 0.1644 353 8 385 61
person 0.1546 137 100 194 223
pottedplant 0.1469 134 42 208 126
person 0.1456 8 112 18 197
person 0.1431 11 85 59 222
person 0.1193 249 90 287 170
person 0.1189 196 103 254 229
person 0.1101 188 103 222 159
person 0.1100 68 99 121 160
person 0.1046 222 96 279 218
person 0.0822 203 100 235 142
person 0.0777 45 96 68 136
car 0.0774 9 102 49 191
person 0.0756 46 122 75 216
car 0.0740 154 226 177 249
person 0.0724 183 108 216 191
person 0.0717 211 96 228 116
person 0.0684 105 107 144 206
person 0.0683 40 92 102 217
person 0.0656 359 93 406 295
person 0.0652 49 102 88 150
person 0.0643 225 97 240 116
car 0.0630 7 101 40 157
bicycle 0.0596 81 129 144 225
dog 0.0569 353 8 385 61
pottedplant 0.0566 177 55 206 108
person 0.0556 230 95 245 113
pottedplant 0.0547 196 70 215 102
person 0.0546 221 101 250 131
person 0.0525 219 95 234 113
person 0.0516 203 94 219 116
person 0.0516 35 106 61 209
person 0.0509 233 97 252 128
person 0.0507 439 127 483 189
