person 0.9994 59 110 254 350
person 0.9987 231 70 385 344
person 0.9962 66 77 174 231
person 0.8599 389 145 486 331
person 0.5238 398 149 482 239
person 0.3103 385 113 420 160
person 0.2392 104 75 183 166
diningtable 0.2226 301 301 479 364
bottle 0.1625 416 282 473 370
person 0.1357 135 71 177 139
person 0.1015 91 75 130 126
diningtable 0.0976 0 233 88 353
chair 0.0953 409 205 484 358
person 0.0934 406 147 459 202
person 0.0815 101 90 146 140
person 0.0715 229 115 257 180
tvmonitor 0.0651 21 90 71 136
person 0.0614 72 65 128 142
person 0.0507 12 96 78 220
bottle 0.0502 396 211 457 252
