person 0.9947 189 32 296 197
person 0.9514 72 63 226 322
person 0.7401 247 2 349 111
chair 0.7379 403 16 460 146
tvmonitor 0.6777 199 -2 253 44
person 0.2636 228 10 336 183
chair 0.2287 423 63 462 131
chair 0.1902 422 39 484 135
person 0.1807 242 1 305 90
chair 0.1574 407 51 443 118
person 0.1211 196 46 254 124
pottedplant 0.1210 160 2 194 53
chair 0.1146 351 23 415 140
person 0.0957 463 63 491 140
chair 0.0946 434 74 472 147
person 0.0941 132 73 258 245
chair 0.0916 379 14 443 128
chair 0.0912 454 64 488 145
chair 0.0749 313 21 382 98
chair 0.0676 396 24 434 105
chair 0.0607 392 58 448 139
chair 0.0607 365 19 409 98
chair 0.0573 386 22 417 98
pottedplant 0.0521 119 2 192 61
person 0.0517 214 95 281 195
