person 0.9885 154 116 462 341
person 0.8557 81 128 209 220
chair 0.7884 86 133 217 235
sofa 0.7702 158 114 476 335
pottedplant 0.6039 273 121 314 184
chair 0.1244 46 160 187 249
person 0.1056 282 132 431 286
person 0.1014 408 152 481 224
tvmonitor 0.0942 234 31 298 129
person 0.0904 375 132 439 207
tvmonitor 0.0891 2 157 37 216
person 0.0804 122 133 202 178
person 0.0798 343 143 485 285
sofa 0.0752 61 135 212 235
person 0.0619 429 158 491 265
chair 0.0535 161 166 198 240
chair 0.0534 158 114 476 335
chair 0.0515 0 182 33 239
chair 0.0507 417 263 487 372
chair 0.0504 209 187 334 249
