person 0.9999 23 -7 126 280
person 0.9510 372 96 447 212
person 0.9424 166 108 234 206
person 0.7661 118 119 154 207
person 0.6699 218 123 258 200
person 0.6013 397 88 458 173
person 0.5639 149 112 187 196
motorbike 0.5317 367 127 457 220
person 0.4711 133 135 164 206
person 0.4069 458 35 484 228
person 0.3940 311 148 339 204
person 0.3139 1 94 28 156
person 0.2755 433 59 487 225
person 0.2687 378 129 419 204
person 0.1791 8 95 23 181
tvmonitor 0.1780 172 9 217 52
person 0.1752 177 113 225 174
person 0.1642 391 100 432 191
boat 0.1487 128 240 208 276
person 0.1459 215 117 253 165
motorbike 0.1322 115 156 159 208
person 0.1277 187 146 247 207
person 0.1149 122 117 155 164
horse 0.1147 191 132 259 203
person 0.1032 157 138 203 205
person 0.0830 113 106 183 203
person 0.0778 35 29 130 109
person 0.0648 428 92 466 164
person 0.0606 174 111 221 142
person 0.0600 0 99 34 200
person 0.0595 11 92 28 135
person 0.0565 152 117 197 160
person 0.0545 133 117 175 155
person 0.0525 366 159 416 212
person 0.0519 199 111 239 141
person 0.0513 7 132 21 197
