person 0.9988 243 112 375 305
car 0.8871 334 138 397 172
car 0.7706 221 124 268 158
car 0.5707 170 124 220 151
person 0.2240 275 124 311 205
car 0.2193 265 121 307 159
car 0.1645 143 121 182 150
car 0.1373 189 124 239 153
car 0.1332 158 120 205 146
bicycle 0.1240 413 123 460 171
car 0.0833 329 138 404 201
car 0.0789 184 131 227 167
person 0.0765 290 133 357 244
person 0.0740 466 138 484 172
car 0.0730 203 123 230 147
person 0.0718 330 159 389 207
car 0.0603 199 152 233 175
person 0.0561 329 138 375 194
car 0.0548 129 126 160 152
car 0.0538 417 121 459 164
