sofa 0.9946 37 179 455 382
person 0.9844 222 148 422 380
person 0.9496 57 148 241 373
bottle 0.9308 112 315 137 408
person 0.4950 47 172 105 225
person 0.2890 126 322 196 395
bottle 0.2664 308 337 340 406
person 0.2509 128 172 345 377
person 0.2022 342 321 384 399
person 0.1888 29 295 112 399
bottle 0.0863 120 327 146 397
person 0.0737 8 155 146 377
bottle 0.0718 279 339 304 405
person 0.0675 140 338 178 401
person 0.0668 273 339 302 406
bottle 0.0615 207 358 234 402
person 0.0593 354 348 391 402
bottle 0.0563 112 320 173 398
bottle 0.0561 296 334 326 406
bottle 0.0515 241 348 265 401
person 0.0500 211 300 295 387
