bird 0.9580 125 130 196 203
person 0.9574 6 1 36 61
bird 0.9301 143 182 217 294
bird 0.9045 373 154 466 261
bird 0.8568 8 160 67 264
person 0.8091 32 4 60 60
bird 0.7363 185 128 250 204
bird 0.7314 57 179 126 282
bird 0.4820 110 182 183 290
bird 0.4291 80 179 155 275
bird 0.3987 271 147 322 282
bird 0.3598 301 136 349 279
bird 0.3113 254 134 304 271
bird 0.2696 355 146 422 265
bird 0.1869 6 156 70 207
bird 0.1661 109 154 186 231
person 0.1541 15 -3 50 60
bird 0.1540 329 153 381 278
bird 0.1481 353 142 400 208
bird 0.1341 59 160 133 235
bird 0.1326 114 160 165 208
bird 0.1167 35 169 96 272
bird 0.1157 195 152 251 279
bird 0.1054 250 145 325 224
bird 0.0828 304 167 336 243
bird 0.0810 256 159 301 214
bird 0.0767 154 152 229 238
bird 0.0761 340 139 456 196
bird 0.0703 269 136 386 189
person 0.0671 14 7 31 52
bird 0.0668 383 161 425 224
bird 0.0665 222 150 272 271
bird 0.0587 103 145 146 194
bird 0.0584 425 156 472 227
bird 0.0560 154 151 193 203
bird 0.0552 78 167 143 209
bird 0.0514 220 136 326 192
