person 0.9996 72 29 425 329
person 0.9934 0 87 155 291
person 0.9073 410 136 492 335
diningtable 0.2382 0 278 468 350
person 0.1884 377 108 469 326
person 0.1384 273 110 467 331
bottle 0.0998 142 297 187 335
bottle 0.0869 61 303 139 366
chair 0.0779 1 272 45 351
bottle 0.0772 325 119 414 207
bottle 0.0762 45 309 212 370
diningtable 0.0692 2 314 479 404
bottle 0.0690 133 292 200 359
person 0.0681 86 117 154 213
chair 0.0667 198 289 408 349
person 0.0614 138 30 320 273
person 0.0597 160 97 213 198
person 0.0550 212 80 419 293
person 0.0544 57 106 198 279
