motorbike 0.9993 262 167 415 278
person 0.9943 301 115 377 247
motorbike 0.9942 386 176 496 289
person 0.9449 421 121 491 265
person 0.2558 394 158 473 282
person 0.2335 170 123 183 165
person 0.1825 160 122 175 170
person 0.1507 293 135 302 167
person 0.1477 274 155 401 271
person 0.1456 146 123 160 167
person 0.1440 302 133 322 173
person 0.1386 257 139 267 170
person 0.1360 265 136 274 172
person 0.1355 376 133 399 175
person 0.1306 390 135 417 173
person 0.1274 281 135 291 174
person 0.1241 412 139 446 197
person 0.1202 306 135 318 160
pottedplant 0.1186 453 89 487 128
person 0.1184 296 135 304 158
person 0.1098 371 129 387 180
person 0.1082 402 132 424 161
person 0.1031 311 134 323 155
person 0.1018 187 123 199 151
person 0.1014 257 134 266 156
person 0.0997 303 135 310 153
person 0.0960 267 135 276 158
person 0.0947 398 140 410 157
person 0.0942 386 135 401 161
person 0.0937 283 135 291 158
person 0.0918 199 127 211 150
person 0.0912 410 139 477 216
person 0.0900 213 130 224 149
person 0.0891 285 129 352 211
person 0.0862 204 129 216 151
person 0.0842 310 132 333 164
person 0.0824 385 142 395 159
person 0.0822 289 134 296 152
person 0.0815 300 139 312 167
person 0.0806 225 132 236 151
person 0.0805 173 128 186 156
person 0.0802 398 137 428 185
person 0.0801 260 133 269 152
person 0.0785 174 112 184 141
person 0.0778 294 132 329 199
person 0.0771 241 132 253 152
person 0.0763 193 124 203 145
person 0.0734 216 129 231 151
person 0.0731 253 135 262 155
motorbike 0.0731 382 143 421 182
person 0.0712 215 128 221 140
person 0.0702 376 135 389 161
person 0.0702 273 134 281 152
person 0.0678 440 137 491 198
person 0.0677 162 108 173 141
person 0.0668 398 134 413 149
person 0.0664 231 132 246 152
person 0.0656 390 136 399 149
person 0.0654 254 134 262 147
person 0.0620 203 125 210 141
person 0.0619 378 128 444 242
person 0.0610 294 127 302 154
person 0.0597 241 139 257 163
person 0.0597 177 118 188 145
person 0.0596 146 106 160 143
person 0.0590 236 131 244 142
person 0.0579 226 130 233 142
person 0.0570 413 131 434 163
motorbike 0.0564 285 130 382 259
person 0.0556 269 135 276 147
person 0.0555 286 139 296 166
person 0.0546 263 132 268 141
car 0.0544 41 139 137 167
person 0.0541 384 134 396 155
person 0.0531 314 123 361 161
person 0.0520 420 132 432 155
person 0.0517 177 110 185 130
person 0.0515 227 134 235 146
person 0.0515 283 133 290 146
motorbike 0.0513 428 153 490 266
person 0.0510 306 133 314 149
