person 0.9266 46 64 189 237
sofa 0.5812 19 87 213 223
pottedplant 0.5598 242 70 323 174
person 0.3955 393 53 453 143
sofa 0.3286 323 96 489 241
chair 0.2834 328 151 389 248
person 0.2600 79 105 268 235
chair 0.2540 8 114 176 242
chair 0.2180 7 129 80 222
diningtable 0.2115 232 179 338 247
chair 0.1752 64 83 216 234
sofa 0.1481 99 107 201 176
chair 0.1443 215 104 295 178
chair 0.1359 232 169 362 247
chair 0.1170 338 105 421 169
person 0.1116 319 58 447 204
person 0.1110 184 97 312 241
chair 0.0900 147 162 231 237
chair 0.0796 316 115 344 185
chair 0.0716 190 165 266 242
chair 0.0640 322 129 384 210
chair 0.0616 257 103 304 167
chair 0.0566 218 194 263 242
pottedplant 0.0556 276 92 311 166
