chair 0.9567 309 232 425 354
sofa 0.9496 21 213 100 372
tvmonitor 0.9004 225 117 288 189
chair 0.4443 111 144 197 244
pottedplant 0.3552 83 81 115 144
tvmonitor 0.2693 285 76 339 191
tvmonitor 0.2611 323 89 398 229
chair 0.2075 310 303 483 372
sofa 0.1694 7 195 84 313
chair 0.1660 25 199 87 263
tvmonitor 0.1492 294 75 365 222
chair 0.1180 220 222 295 293
sofa 0.1057 26 195 84 252
chair 0.0851 81 165 163 256
chair 0.0814 136 185 204 253
pottedplant 0.0811 81 106 115 166
person 0.0797 181 134 210 196
sofa 0.0788 14 220 60 365
sofa 0.0770 7 195 228 349
chair 0.0763 169 133 233 248
chair 0.0724 416 289 490 363
pottedplant 0.0699 6 61 135 199
tvmonitor 0.0673 188 82 224 161
chair 0.0671 101 148 183 186
tvmonitor 0.0624 75 174 134 260
tvmonitor 0.0621 205 135 283 208
car 0.0560 140 184 200 234
pottedplant 0.0546 46 94 139 180
pottedplant 0.0534 78 54 134 141
chair 0.0516 102 110 192 202
sofa 0.0512 73 176 141 264
sofa 0.0503 23 172 105 283
chair 0.0503 194 188 271 266
chair 0.0501 346 276 425 343
