chair 0.6580 148 292 183 364
chair 0.6480 226 302 258 364
chair 0.6431 302 305 331 366
chair 0.5199 274 303 302 367
chair 0.4707 103 254 176 361
chair 0.1191 325 243 393 363
chair 0.1087 202 299 229 360
chair 0.1046 257 306 280 365
chair 0.1022 272 257 336 362
chair 0.0946 425 299 437 319
chair 0.0924 178 294 206 359
chair 0.0887 244 303 268 361
chair 0.0772 386 296 411 343
chair 0.0730 190 296 217 360
chair 0.0715 412 299 424 321
bicycle 0.0710 450 297 485 345
chair 0.0656 134 306 171 359
cat 0.0647 312 159 389 241
chair 0.0644 295 243 355 365
chair 0.0636 111 289 159 360
chair 0.0555 407 299 420 326
chair 0.0528 422 295 434 316
chair 0.0524 433 298 447 324
chair 0.0513 320 299 347 364
chair 0.0511 341 276 381 359
