car 0.9998 132 254 284 371
motorbike 0.6800 303 274 414 363
person 0.5441 49 115 70 170
person 0.5110 64 115 87 171
person 0.3965 278 261 349 366
person 0.3355 277 277 316 360
pottedplant 0.3018 8 252 109 359
person 0.2581 78 177 103 235
person 0.2493 42 113 62 162
motorbike 0.1764 360 287 440 364
motorbike 0.1750 108 133 137 176
motorbike 0.1623 184 167 246 259
motorbike 0.1577 218 186 302 266
pottedplant 0.1512 11 248 57 340
motorbike 0.1478 97 115 123 168
person 0.1439 182 175 223 263
person 0.1415 158 168 190 235
person 0.1409 73 122 91 175
motorbike 0.1329 277 265 359 367
motorbike 0.1318 245 202 319 280
person 0.1180 283 301 334 365
chair 0.1105 439 258 497 363
person 0.1023 305 225 336 291
motorbike 0.1005 157 149 216 236
person 0.0958 61 85 86 132
person 0.0905 384 204 419 286
person 0.0889 91 105 109 159
car 0.0867 105 122 145 166
person 0.0864 77 90 96 129
car 0.0850 199 289 286 363
bus 0.0836 15 6 92 67
motorbike 0.0819 158 168 190 235
person 0.0811 49 77 71 135
person 0.0797 179 147 207 211
person 0.0794 174 169 205 244
pottedplant 0.0773 1 275 69 362
person 0.0765 97 105 123 159
person 0.0760 189 111 213 163
motorbike 0.0760 106 146 126 188
person 0.0755 39 86 58 149
person 0.0726 152 76 175 135
person 0.0720 79 74 97 111
bus 0.0680 26 19 82 55
person 0.0667 31 127 86 207
person 0.0664 48 138 74 184
person 0.0618 164 69 191 135
person 0.0608 357 226 388 296
person 0.0595 96 99 112 134
person 0.0589 64 60 82 102
person 0.0575 76 140 92 189
person 0.0566 69 109 95 154
person 0.0560 192 146 212 201
person 0.0555 318 243 352 292
person 0.0553 94 128 107 171
person 0.0552 62 48 78 75
bicycle 0.0540 281 69 316 112
pottedplant 0.0540 3 247 41 313
bicycle 0.0540 165 -4 232 70
person 0.0531 182 120 204 165
car 0.0530 157 139 198 170
motorbike 0.0528 91 105 109 159
person 0.0520 93 79 110 109
person 0.0513 157 65 175 104
person 0.0512 66 103 90 137
person 0.0502 30 99 44 151
