bus 0.9998 50 66 383 317
car 0.9997 357 233 487 360
person 0.5873 276 218 306 294
bus 0.5111 0 219 34 291
car 0.2513 37 254 83 292
person 0.2078 332 245 349 275
person 0.1942 278 214 336 289
person 0.1837 341 248 359 273
person 0.1544 311 232 333 279
car 0.1346 8 254 38 308
person 0.1067 295 217 319 283
person 0.0851 352 247 372 273
person 0.0798 326 247 341 273
person 0.0794 335 238 364 273
person 0.0787 313 226 334 255
person 0.0696 325 236 352 267
person 0.0692 296 223 316 256
car 0.0677 0 216 35 301
person 0.0665 339 259 352 278
person 0.0662 323 225 346 255
person 0.0597 318 253 331 280
person 0.0579 338 251 356 287
car 0.0564 15 251 89 313
person 0.0539 306 212 371 290
car 0.0511 7 242 21 304
