chair 0.9876 120 353 271 490
person 0.9394 117 279 262 464
tvmonitor 0.7162 37 270 80 310
chair 0.5540 116 295 259 428
person 0.5288 87 282 198 457
person 0.4781 49 269 117 414
tvmonitor 0.4513 209 285 265 350
person 0.4165 80 269 118 337
tvmonitor 0.3982 289 296 327 374
person 0.3871 30 351 76 409
person 0.3783 190 231 212 283
person 0.2741 154 236 185 287
tvmonitor 0.2610 0 265 36 309
person 0.2384 200 232 219 281
person 0.2150 161 320 308 481
chair 0.1524 179 386 298 492
person 0.1408 75 275 148 443
chair 0.1329 35 287 97 401
boat 0.1300 21 129 323 222
person 0.1291 144 249 157 284
person 0.1270 163 237 182 270
person 0.1248 115 273 152 319
person 0.1228 145 238 156 267
person 0.1175 92 272 155 368
person 0.1142 181 237 196 273
chair 0.1126 88 304 206 477
car 0.1065 270 284 323 344
person 0.1053 30 293 97 402
person 0.1011 151 287 220 387
person 0.0921 154 238 167 267
person 0.0911 159 234 171 260
person 0.0876 137 267 158 308
person 0.0865 242 236 264 270
person 0.0856 205 232 222 266
person 0.0810 230 237 249 271
chair 0.0810 65 290 160 441
person 0.0763 125 275 196 385
person 0.0751 155 235 163 254
person 0.0746 220 238 234 272
person 0.0725 136 239 146 258
person 0.0714 167 234 178 255
person 0.0714 150 237 157 251
tvmonitor 0.0711 24 268 64 305
person 0.0704 187 233 199 257
person 0.0702 141 237 150 255
person 0.0685 133 241 142 257
tvmonitor 0.0660 57 266 97 307
person 0.0636 171 233 185 257
person 0.0630 252 237 275 262
dog 0.0628 28 353 74 404
person 0.0590 195 236 209 265
person 0.0566 111 276 181 337
person 0.0555 181 238 192 260
car 0.0547 194 267 234 292
person 0.0547 140 274 181 318
chair 0.0544 41 314 95 367
person 0.0540 162 285 202 337
person 0.0533 114 243 126 258
person 0.0531 52 246 65 263
person 0.0524 195 293 322 433
chair 0.0514 274 256 305 284
person 0.0510 214 233 229 259
person 0.0509 185 257 214 322
car 0.0508 200 253 232 281
person 0.0506 158 234 164 245
