person 0.9926 123 82 254 321
person 0.9524 55 42 181 306
person 0.7140 249 253 358 354
person 0.2712 185 232 343 395
bottle 0.2585 177 370 242 443
pottedplant 0.2134 51 0 191 87
bottle 0.1240 331 175 368 283
sofa 0.1058 -2 19 178 209
person 0.0932 168 95 244 201
bird 0.0815 278 265 361 351
chair 0.0695 0 0 154 244
person 0.0669 221 299 294 374
bottle 0.0655 185 373 247 410
person 0.0638 98 218 178 313
person 0.0632 54 4 206 165
person 0.0621 255 258 297 338
person 0.0556 231 287 353 394
chair 0.0554 6 263 66 302
pottedplant 0.0513 15 15 184 175
