person 0.9982 188 93 244 248
person 0.9974 336 83 389 240
person 0.1863 182 87 229 142
person 0.1166 357 85 392 129
person 0.0866 365 84 391 109
car 0.0820 382 92 431 120
person 0.0820 340 85 384 137
person 0.0762 349 82 384 112
pottedplant 0.0721 290 37 326 106
person 0.0693 432 86 445 115
person 0.0687 204 91 242 131
person 0.0663 333 85 362 125
pottedplant 0.0614 278 19 348 111
person 0.0600 375 83 386 95
person 0.0600 370 86 381 98
person 0.0586 332 87 347 128
person 0.0536 389 88 399 100
person 0.0519 388 86 409 106
car 0.0518 407 84 438 110
person 0.0513 425 86 440 117
