person 0.9297 207 182 289 321
person 0.8183 193 142 244 221
person 0.7992 398 188 468 339
person 0.5062 189 156 256 304
person 0.4093 370 212 436 355
dog 0.3414 186 228 246 307
person 0.3072 250 148 284 200
person 0.2935 149 157 177 273
person 0.2587 186 136 224 199
person 0.1767 165 158 190 267
person 0.1490 271 184 340 310
person 0.1293 62 192 81 217
person 0.1265 342 172 359 209
person 0.1230 52 191 74 219
person 0.1205 231 178 287 268
person 0.1135 409 225 492 365
person 0.1075 8 192 30 230
person 0.1052 39 197 53 239
person 0.1051 424 186 497 260
person 0.1050 230 145 252 192
person 0.1016 141 168 165 264
person 0.0985 40 192 58 221
dog 0.0885 211 237 280 319
boat 0.0868 9 218 127 282
person 0.0863 371 240 409 341
person 0.0862 215 136 241 189
person 0.0824 171 130 212 186
person 0.0789 241 159 276 220
dog 0.0788 196 250 235 313
person 0.0776 323 186 350 222
person 0.0758 206 153 270 237
person 0.0756 348 193 420 324
person 0.0753 316 158 377 233
person 0.0743 267 151 293 206
person 0.0738 375 192 406 245
person 0.0680 17 193 27 223
sofa 0.0676 315 208 397 282
person 0.0665 333 185 368 228
pottedplant 0.0663 393 187 429 231
chair 0.0661 129 180 149 251
person 0.0660 287 167 359 283
person 0.0652 65 198 79 236
person 0.0650 138 123 163 196
person 0.0613 326 171 345 210
person 0.0600 352 189 372 216
boat 0.0598 58 46 445 328
person 0.0591 27 192 46 223
diningtable 0.0580 53 216 125 253
person 0.0579 312 188 337 220
pottedplant 0.0575 361 183 428 244
chair 0.0565 269 218 338 310
person 0.0562 345 189 379 244
person 0.0541 261 144 282 178
person 0.0540 253 145 269 174
person 0.0525 6 200 31 258
person 0.0525 160 126 193 187
person 0.0524 354 179 369 201
person 0.0522 150 141 179 214
boat 0.0512 0 17 147 306
person 0.0503 243 151 308 225
chair 0.0502 116 194 135 227
person 0.0500 290 187 330 227
