person 0.7624 245 194 289 257
person 0.7037 75 186 105 259
person 0.6824 3 226 40 296
person 0.5352 5 284 49 328
person 0.5314 171 70 205 126
person 0.5244 314 148 344 240
person 0.5003 199 64 230 129
person 0.4202 71 130 102 192
person 0.3887 20 203 75 294
person 0.3554 244 270 286 313
person 0.3371 97 259 131 323
person 0.3341 148 108 175 169
person 0.2779 108 188 139 236
person 0.2670 397 151 429 230
person 0.2461 424 256 461 316
person 0.2356 41 151 73 221
person 0.2327 1 253 44 321
person 0.2194 225 64 257 124
person 0.1969 24 282 67 327
person 0.1889 79 289 118 327
person 0.1758 419 131 456 190
person 0.1752 38 177 78 250
person 0.1723 443 220 487 288
person 0.1572 129 113 154 170
person 0.1533 252 93 282 139
person 0.1434 255 193 299 236
person 0.1377 387 154 416 222
person 0.1367 89 5 109 46
person 0.1291 42 283 83 326
person 0.1291 341 115 374 178
person 0.1265 431 246 489 316
person 0.1184 98 189 128 248
person 0.1101 43 191 101 266
person 0.1094 5 166 34 209
person 0.1079 458 259 492 321
motorbike 0.1074 198 241 270 310
person 0.1072 226 280 290 322
person 0.1017 165 227 212 272
person 0.1012 158 104 195 164
person 0.1011 267 90 295 130
person 0.1002 12 233 53 311
person 0.0973 407 148 444 233
person 0.0938 47 8 70 46
person 0.0936 325 112 369 158
car 0.0916 165 227 212 272
person 0.0915 61 254 132 326
person 0.0911 397 114 428 169
person 0.0906 376 153 406 217
person 0.0903 220 208 265 249
diningtable 0.0896 307 284 394 325
bottle 0.0881 248 19 267 40
person 0.0869 44 127 106 199
person 0.0863 137 105 168 156
person 0.0857 250 186 289 222
person 0.0852 240 258 325 320
person 0.0850 345 144 382 209
bicycle 0.0847 413 268 492 323
person 0.0833 383 119 419 172
bottle 0.0832 141 195 160 238
person 0.0794 435 100 470 145
bicycle 0.0794 409 300 495 327
car 0.0789 433 118 490 154
person 0.0787 106 276 142 324
person 0.0779 457 247 487 290
aeroplane 0.0770 190 133 274 195
person 0.0766 96 286 123 321
bottle 0.0766 149 20 163 41
person 0.0750 176 171 211 202
person 0.0741 198 215 262 296
person 0.0739 114 182 151 224
person 0.0736 83 102 112 151
person 0.0729 51 3 74 33
person 0.0728 57 136 90 208
person 0.0727 78 6 97 46
person 0.0714 151 72 173 120
person 0.0713 186 177 217 221
person 0.0712 40 232 74 311
bottle 0.0711 151 8 162 30
person 0.0709 5 188 64 271
person 0.0706 426 232 454 284
person 0.0703 424 113 460 160
person 0.0694 372 136 404 193
person 0.0692 62 4 84 33
bottle 0.0689 161 21 172 44
bottle 0.0683 135 6 148 31
person 0.0679 7 229 23 300
bottle 0.0655 126 193 149 249
person 0.0651 162 129 192 184
person 0.0650 466 62 490 129
person 0.0645 83 188 116 229
person 0.0639 226 54 258 90
person 0.0635 7 178 36 238
car 0.0635 430 105 477 140
bottle 0.0631 219 18 244 44
chair 0.0629 364 297 422 325
person 0.0628 8 257 80 325
person 0.0627 205 215 255 261
bottle 0.0624 236 19 256 42
chair 0.0621 407 302 487 327
person 0.0620 79 145 111 191
bottle 0.0616 135 19 149 42
person 0.0614 282 86 306 126
person 0.0606 103 177 125 217
person 0.0596 11 230 30 276
person 0.0589 58 193 116 294
person 0.0584 213 187 285 252
person 0.0584 216 64 242 124
person 0.0583 102 181 160 244
person 0.0573 409 117 472 181
person 0.0572 202 50 232 104
bottle 0.0571 59 275 86 325
person 0.0570 180 193 206 236
person 0.0569 105 261 175 324
bottle 0.0569 284 7 295 27
car 0.0569 445 129 483 160
person 0.0567 262 285 304 325
bottle 0.0563 269 10 280 29
person 0.0561 150 84 210 153
person 0.0560 189 59 222 115
person 0.0557 167 69 197 102
bottle 0.0551 264 19 281 38
person 0.0537 31 142 63 195
person 0.0537 176 207 204 250
person 0.0535 170 223 230 293
person 0.0533 84 165 109 218
person 0.0532 20 138 82 207
person 0.0530 190 14 212 50
person 0.0528 86 243 153 314
person 0.0523 276 100 309 135
bottle 0.0521 245 29 269 52
motorbike 0.0520 9 132 81 201
bottle 0.0518 254 12 266 30
bottle 0.0518 277 19 295 38
person 0.0515 247 102 271 152
person 0.0511 318 128 351 210
person 0.0510 179 54 203 97
person 0.0508 183 66 242 138
car 0.0507 317 110 375 180
person 0.0507 111 122 139 174
person 0.0504 190 34 214 79
person 0.0500 118 253 164 308
person 0.0500 229 81 287 148
