train 0.9993 1 122 322 307
person 0.9800 331 181 365 262
person 0.9514 451 193 483 267
train 0.7459 5 154 68 209
person 0.7086 400 184 424 238
person 0.4668 312 179 328 225
person 0.4152 305 176 321 223
person 0.1362 326 180 341 223
person 0.0922 477 201 487 263
person 0.0901 309 180 318 197
person 0.0901 333 184 348 208
person 0.0889 337 183 360 220
bus 0.0863 3 155 71 208
car 0.0857 8 155 63 205
person 0.0755 321 182 335 209
person 0.0735 298 178 304 192
person 0.0714 345 186 360 208
person 0.0712 341 175 348 190
person 0.0687 342 190 369 246
person 0.0678 317 176 326 192
person 0.0675 329 176 337 191
person 0.0652 313 172 323 186
person 0.0623 330 180 340 207
person 0.0616 333 174 341 192
person 0.0609 350 174 358 189
person 0.0599 320 169 332 185
person 0.0570 345 174 355 195
person 0.0566 334 168 344 183
person 0.0552 305 177 313 197
person 0.0527 303 172 310 184
