car 0.9106 0 66 293 293
person 0.8949 134 74 187 138
person 0.8105 432 84 469 158
person 0.7257 467 81 491 144
motorbike 0.3986 351 86 432 149
car 0.3720 200 92 355 217
car 0.3685 345 56 402 95
car 0.3493 278 97 392 182
person 0.3341 453 81 483 150
car 0.2640 99 71 331 225
car 0.2591 212 104 314 168
person 0.1606 108 81 136 121
person 0.1527 478 82 488 142
motorbike 0.1238 300 101 404 193
person 0.1136 148 66 222 141
person 0.1063 125 74 157 126
boat 0.0913 259 53 320 93
car 0.0900 224 65 411 195
person 0.0888 81 86 123 116
person 0.0843 107 81 122 104
car 0.0840 338 91 432 179
person 0.0827 104 75 129 110
person 0.0784 171 92 219 141
person 0.0756 120 76 135 96
person 0.0745 95 86 106 103
person 0.0741 113 78 125 95
person 0.0720 115 80 134 106
person 0.0702 133 78 147 96
car 0.0684 247 88 366 160
chair 0.0682 7 92 77 186
person 0.0650 128 82 146 107
car 0.0641 325 72 375 104
person 0.0622 155 71 189 118
person 0.0620 90 78 112 105
person 0.0615 146 76 163 96
person 0.0591 100 81 109 94
car 0.0581 385 66 414 92
motorbike 0.0576 424 88 466 163
car 0.0575 310 69 361 93
person 0.0574 408 96 451 162
person 0.0558 404 78 427 103
person 0.0543 141 74 154 90
car 0.0534 357 84 425 123
motorbike 0.0533 410 89 448 150
person 0.0529 111 80 121 92
person 0.0527 178 86 209 125
person 0.0524 151 72 168 90
boat 0.0523 260 33 343 97
person 0.0520 70 87 105 115
motorbike 0.0517 384 89 437 138
person 0.0516 79 88 94 103
car 0.0503 291 85 419 152
