person 0.9701 99 51 166 162
person 0.9361 180 72 211 152
person 0.9081 211 56 236 109
person 0.8243 65 83 83 140
horse 0.7147 96 50 161 203
person 0.6171 4 45 49 126
person 0.5036 45 95 70 142
person 0.4200 81 74 98 123
person 0.4163 93 77 115 120
person 0.3866 27 51 51 108
person 0.3510 112 56 153 108
person 0.1966 208 66 242 146
horse 0.1523 207 70 242 149
person 0.1415 8 35 28 130
person 0.0985 159 72 195 155
person 0.0977 80 69 97 96
person 0.0944 283 73 309 192
person 0.0899 63 82 79 110
person 0.0875 184 77 212 112
person 0.0838 80 76 113 140
horse 0.0808 212 63 235 119
person 0.0786 85 72 105 106
person 0.0772 195 65 218 101
horse 0.0759 183 74 221 154
person 0.0754 70 97 87 149
person 0.0706 68 82 87 114
person 0.0690 141 62 181 153
person 0.0688 30 48 51 79
person 0.0686 68 78 78 98
person 0.0676 77 70 91 92
person 0.0676 5 39 15 108
person 0.0661 94 56 137 144
person 0.0584 190 57 231 108
person 0.0579 287 76 311 116
person 0.0576 78 89 99 139
person 0.0567 90 73 102 93
person 0.0548 48 86 62 114
person 0.0543 73 74 91 102
