person 0.9952 224 188 284 371
person 0.9049 179 196 239 364
person 0.4142 196 188 237 264
person 0.1442 215 189 278 279
person 0.0975 207 186 246 235
chair 0.0879 337 232 365 309
person 0.0878 225 266 271 370
person 0.0792 199 174 233 228
person 0.0766 293 220 317 277
person 0.0743 269 220 290 279
chair 0.0678 350 244 371 314
person 0.0650 157 264 224 370
diningtable 0.0602 351 217 419 304
person 0.0597 256 205 286 288
person 0.0586 170 220 200 284
person 0.0576 128 193 191 341
person 0.0568 84 178 140 347
bottle 0.0558 182 185 199 230
person 0.0526 241 194 278 236
person 0.0509 264 207 283 240
