person 0.9999 115 106 238 360
person 0.9915 390 150 459 356
person 0.9859 64 145 129 318
person 0.7243 11 140 62 303
person 0.6571 272 142 353 349
person 0.6509 393 148 465 249
person 0.5631 4 149 42 235
person 0.5373 38 137 95 310
person 0.5141 38 140 70 237
person 0.2274 79 152 122 248
person 0.2240 344 159 373 226
person 0.0886 343 175 414 311
person 0.0683 335 156 391 235
chair 0.0560 342 204 408 298
person 0.0551 213 181 241 256
chair 0.0535 39 176 110 264
person 0.0506 2 217 74 314
tvmonitor 0.0500 406 4 487 67
