person 0.9998 15 10 234 342
person 0.9493 300 32 473 362
horse 0.7463 243 157 320 264
person 0.6561 245 150 318 263
person 0.5492 263 115 298 172
person 0.4185 277 67 395 350
person 0.3870 209 120 250 212
person 0.3401 299 115 324 162
person 0.3300 199 139 256 246
person 0.3079 279 139 316 222
person 0.2039 226 121 255 192
chair 0.1861 325 96 390 169
person 0.1820 295 122 323 211
person 0.1646 278 116 311 161
diningtable 0.1396 334 303 490 368
chair 0.1283 314 148 378 239
person 0.1190 252 124 313 211
person 0.1058 232 128 252 174
dog 0.0980 243 158 319 265
person 0.0978 218 126 244 185
person 0.0944 219 145 287 250
cow 0.0922 243 158 319 265
diningtable 0.0867 37 307 235 370
person 0.0855 253 132 264 159
person 0.0842 269 123 294 159
person 0.0842 443 130 495 331
person 0.0839 246 134 287 218
person 0.0801 23 -6 82 337
person 0.0773 243 128 266 184
motorbike 0.0712 201 133 260 236
person 0.0608 261 131 271 153
chair 0.0606 332 270 421 367
person 0.0599 429 235 489 348
bottle 0.0583 126 241 212 304
person 0.0577 206 125 235 190
person 0.0536 236 128 248 154
person 0.0534 317 107 390 231
person 0.0503 253 128 263 146
bird 0.0501 62 326 151 365
