bicycle 0.9794 73 169 172 243
person 0.9549 322 67 414 233
car 0.8389 212 79 392 300
person 0.3726 222 78 391 299
bicycle 0.2815 116 187 178 239
motorbike 0.1381 206 84 393 306
car 0.1167 231 189 314 261
bicycle 0.1167 303 150 424 321
person 0.1101 326 71 374 118
person 0.1066 107 161 144 231
person 0.0968 117 165 158 214
person 0.0881 325 73 389 163
motorbike 0.0802 77 170 174 238
tvmonitor 0.0706 286 133 348 225
bus 0.0543 458 128 492 235
bus 0.0539 212 79 392 300
bicycle 0.0536 206 84 393 306
