horse 0.9944 68 180 193 297
person 0.7913 361 212 386 282
person 0.7300 36 193 63 280
horse 0.6820 210 195 294 281
horse 0.5448 270 211 327 281
person 0.4501 355 143 396 218
person 0.4109 376 210 399 279
person 0.4086 393 215 416 269
person 0.3698 352 210 375 277
car 0.3263 462 218 489 257
horse 0.3221 131 198 199 291
person 0.2874 271 173 303 250
person 0.2576 394 171 437 212
person 0.2392 277 190 313 269
horse 0.2124 249 193 321 269
person 0.1989 352 147 401 276
person 0.1126 365 153 440 221
person 0.1122 335 217 360 272
horse 0.1087 17 158 160 279
horse 0.1059 317 217 355 271
person 0.1015 137 199 201 293
person 0.0998 402 185 427 227
person 0.0996 405 203 421 243
motorbike 0.0974 393 215 416 269
horse 0.0963 359 218 392 275
person 0.0947 351 205 369 251
bicycle 0.0881 391 225 415 275
person 0.0837 380 207 400 250
person 0.0793 307 200 337 267
person 0.0792 281 210 327 281
person 0.0755 333 163 361 210
person 0.0749 400 211 425 256
dog 0.0715 355 143 396 218
person 0.0690 342 202 359 246
dog 0.0689 135 198 200 294
person 0.0675 320 166 351 210
dog 0.0674 91 197 166 294
person 0.0622 393 188 417 230
person 0.0614 392 208 417 240
person 0.0610 360 185 394 225
person 0.0598 80 178 152 250
person 0.0561 28 197 44 265
person 0.0560 371 166 402 218
horse 0.0555 31 185 108 285
person 0.0546 318 212 352 266
person 0.0540 278 165 345 248
horse 0.0528 352 210 375 277
person 0.0524 289 181 324 260
person 0.0502 364 206 394 241
person 0.0500 247 182 289 235
