person 0.8806 407 163 456 236
person 0.7622 99 116 150 186
person 0.5579 419 111 460 172
person 0.5050 387 123 413 175
person 0.3247 370 126 405 177
person 0.2214 366 132 390 177
person 0.1759 450 111 492 172
person 0.1602 86 121 119 190
person 0.1340 395 119 426 174
person 0.1236 406 118 463 214
chair 0.1157 268 109 333 178
person 0.0992 407 103 445 151
person 0.0933 113 105 168 202
chair 0.0849 450 111 492 172
person 0.0739 405 111 432 142
bus 0.0656 304 129 362 162
person 0.0607 121 108 154 178
person 0.0602 437 108 468 164
chair 0.0580 54 331 123 368
person 0.0566 394 125 410 144
person 0.0527 77 137 101 180
person 0.0522 413 105 440 133
person 0.0519 409 113 428 130
chair 0.0503 448 296 490 370
