person 0.9996 214 103 402 323
person 0.9979 352 51 473 223
person 0.9842 129 78 216 231
person 0.9249 48 113 207 317
tvmonitor 0.9116 16 166 161 342
chair 0.7475 126 174 235 324
tvmonitor 0.4035 183 85 255 162
tvmonitor 0.2509 201 56 282 144
tvmonitor 0.2161 415 192 493 362
bird 0.1915 343 49 426 135
cat 0.1773 343 49 426 135
person 0.1486 220 32 263 73
person 0.1278 193 35 267 108
dog 0.1172 291 241 361 326
person 0.0851 112 168 228 322
person 0.0717 304 50 436 305
person 0.0650 233 31 272 98
tvmonitor 0.0586 222 40 305 129
person 0.0577 193 37 247 76
chair 0.0570 65 136 205 317
person 0.0568 50 127 146 263
chair 0.0567 131 121 212 288
tvmonitor 0.0528 406 78 454 145
