person 0.9995 61 131 159 444
person 0.9408 149 146 346 481
person 0.7978 270 99 375 459
person 0.5779 171 217 256 327
person 0.3472 0 307 44 484
person 0.2535 331 99 395 190
tvmonitor 0.2048 10 257 57 293
person 0.1817 210 150 339 344
person 0.1597 317 100 393 268
tvmonitor 0.1301 5 250 70 316
person 0.1145 332 341 397 488
person 0.0861 97 329 130 447
chair 0.0781 -2 290 80 355
person 0.0743 -5 196 78 471
person 0.0718 204 206 288 337
person 0.0711 334 125 369 192
person 0.0648 10 295 66 458
chair 0.0537 5 259 75 328
