person 0.9948 277 23 393 199
sofa 0.9338 0 19 438 282
person 0.8081 16 23 174 245
person 0.7516 138 82 270 222
diningtable 0.6082 0 46 468 294
sofa 0.5173 0 23 269 214
person 0.1571 399 2 469 101
sofa 0.1506 161 -8 399 190
chair 0.1433 399 2 469 101
chair 0.1279 161 -8 399 190
chair 0.1167 116 49 267 203
person 0.1138 39 49 285 201
person 0.0916 331 12 421 146
person 0.0911 0 27 395 283
chair 0.0848 429 -1 470 78
person 0.0707 161 -8 399 190
person 0.0630 66 14 237 290
diningtable 0.0622 344 81 485 240
diningtable 0.0512 256 62 467 301
person 0.0511 365 9 448 132
