person 0.9949 366 107 455 233
chair 0.4738 347 145 465 238
horse 0.1709 360 157 442 240
chair 0.1468 411 149 481 238
chair 0.1461 452 154 486 231
person 0.1147 395 111 456 186
bicycle 0.0990 37 198 82 237
person 0.0767 37 198 82 237
chair 0.0758 261 150 422 231
chair 0.0680 459 126 492 221
chair 0.0625 252 135 302 226
chair 0.0586 29 133 93 248
dog 0.0564 267 143 305 224
person 0.0542 361 161 440 242
chair 0.0534 54 131 129 247
chair 0.0532 242 133 268 219
sheep 0.0514 154 212 177 237
person 0.0510 45 160 76 231
