person 0.9987 160 201 214 355
motorbike 0.9442 193 282 275 411
person 0.9390 236 201 270 269
person 0.8418 24 192 135 360
person 0.6600 -1 205 45 352
person 0.4977 132 190 159 272
person 0.4208 207 207 227 272
person 0.3203 195 276 271 414
person 0.2930 143 198 169 294
person 0.2815 0 212 31 288
person 0.2788 109 186 143 264
person 0.2449 202 208 219 278
motorbike 0.2430 80 244 143 327
person 0.1549 107 204 161 345
person 0.1504 144 198 192 352
person 0.1501 176 195 208 308
person 0.1446 25 212 88 393
person 0.1411 222 207 246 271
person 0.1103 50 269 108 477
person 0.1075 0 199 44 249
tvmonitor 0.1010 173 110 243 192
person 0.0905 27 237 154 441
bicycle 0.0852 80 244 143 327
motorbike 0.0786 23 210 140 398
person 0.0730 75 199 141 297
person 0.0699 32 195 64 239
person 0.0689 167 196 198 281
person 0.0684 16 196 55 243
person 0.0655 78 229 138 396
person 0.0641 176 191 209 245
person 0.0622 97 204 135 281
person 0.0608 196 197 218 254
person 0.0576 105 185 132 236
person 0.0574 167 192 199 232
person 0.0562 44 195 85 237
person 0.0555 9 197 37 227
motorbike 0.0536 234 206 272 269
person 0.0523 15 203 46 287
person 0.0509 55 192 113 227
bicycle 0.0508 103 246 170 323
person 0.0506 3 247 50 463
person 0.0503 0 232 28 331
