person 0.9972 22 145 179 316
tvmonitor 0.9964 240 195 347 311
person 0.8842 190 86 244 221
bottle 0.5548 137 295 161 368
pottedplant 0.5128 374 15 471 246
person 0.3563 66 89 98 155
person 0.3246 100 95 130 143
pottedplant 0.2243 388 57 446 220
tvmonitor 0.2242 269 218 341 293
pottedplant 0.2025 391 136 432 215
pottedplant 0.1808 408 44 491 223
chair 0.1005 427 183 488 258
person 0.0886 186 83 232 153
person 0.0870 80 94 117 140
pottedplant 0.0860 425 114 486 241
pottedplant 0.0776 386 159 418 222
pottedplant 0.0759 448 133 487 206
diningtable 0.0759 0 314 219 359
diningtable 0.0716 21 276 297 350
person 0.0707 63 88 130 146
pottedplant 0.0637 423 135 460 206
bottle 0.0598 67 91 97 168
person 0.0580 64 160 133 249
pottedplant 0.0537 362 80 419 225
pottedplant 0.0517 392 153 485 223
tvmonitor 0.0514 101 52 132 76
sofa 0.0504 123 127 211 209
