person 0.9989 233 37 361 210
person 0.9975 68 131 247 463
bottle 0.5577 279 173 311 304
bottle 0.3946 253 185 279 293
bottle 0.3646 317 180 342 285
chair 0.3153 80 321 223 472
person 0.3112 193 113 265 182
bottle 0.3094 215 186 245 256
chair 0.1612 357 225 412 274
dog 0.1553 193 113 265 182
chair 0.1339 155 110 202 158
cow 0.1278 193 113 265 182
person 0.1156 172 54 298 180
horse 0.1054 193 114 261 178
bottle 0.0902 153 159 178 227
chair 0.0901 381 219 414 266
bottle 0.0694 314 179 338 237
chair 0.0674 83 278 154 472
bottle 0.0642 75 159 98 236
bottle 0.0623 233 200 253 283
bottle 0.0619 149 196 180 289
bottle 0.0611 35 130 52 177
diningtable 0.0596 110 189 419 442
bottle 0.0562 294 183 320 295
bottle 0.0554 246 180 269 253
person 0.0537 63 128 120 259
chair 0.0529 157 105 232 169
chair 0.0515 187 111 267 186
