motorbike 0.8149 80 331 170 396
bicycle 0.4658 433 329 491 370
person 0.4543 76 316 167 390
person 0.3291 464 297 488 359
motorbike 0.2324 15 331 78 369
motorbike 0.1726 47 283 129 361
car 0.1345 393 345 414 361
car 0.1314 399 340 425 361
person 0.1294 7 302 24 355
bicycle 0.1238 195 328 238 369
person 0.1097 472 264 491 323
motorbike 0.1074 22 304 91 367
bus 0.0996 251 167 472 363
person 0.0875 44 310 78 364
motorbike 0.0850 433 323 491 372
person 0.0823 305 321 336 367
person 0.0718 95 284 176 376
car 0.0713 15 332 73 371
bicycle 0.0688 51 276 131 351
person 0.0687 473 269 486 305
car 0.0660 381 347 397 360
person 0.0655 88 311 137 371
motorbike 0.0588 45 327 90 368
person 0.0579 467 278 480 316
bicycle 0.0576 197 313 271 370
motorbike 0.0573 82 304 153 378
car 0.0572 414 335 439 360
person 0.0553 11 307 20 367
person 0.0522 81 282 128 350
tvmonitor 0.0512 3 49 30 112
bicycle 0.0507 455 318 486 366
