person 0.9937 81 106 183 344
person 0.9334 311 125 438 346
person 0.8478 94 101 123 186
person 0.8451 407 88 472 243
person 0.8341 213 97 268 264
person 0.8272 37 97 91 209
person 0.8153 271 98 320 252
person 0.6892 307 107 361 265
bicycle 0.6313 197 177 294 286
person 0.5968 365 88 425 136
person 0.5098 2 116 34 185
person 0.4979 428 105 490 269
person 0.3614 367 128 476 307
person 0.3262 278 99 313 183
person 0.3168 167 97 230 273
person 0.3038 30 109 62 200
person 0.2739 257 100 283 188
person 0.2612 362 86 394 139
person 0.2465 368 103 430 173
person 0.2400 65 99 100 188
person 0.2262 265 102 301 206
person 0.2214 356 130 417 256
person 0.2178 114 112 177 219
person 0.1834 256 94 281 144
person 0.1776 314 108 356 155
person 0.1746 236 93 272 169
person 0.1700 132 104 196 300
person 0.1554 369 102 448 222
person 0.1545 361 121 415 165
person 0.1516 455 101 481 268
person 0.1515 306 104 338 155
person 0.1494 8 108 23 183
bicycle 0.1476 294 215 468 354
person 0.1275 346 110 375 166
person 0.1272 295 168 363 343
person 0.1214 130 115 174 177
person 0.1210 19 113 48 181
person 0.1209 112 101 134 159
person 0.1206 330 106 363 180
person 0.1196 296 108 323 177
person 0.1035 267 93 301 137
person 0.1009 246 89 274 125
person 0.1001 347 124 411 200
person 0.0988 75 101 96 147
person 0.0986 257 144 317 229
person 0.0979 26 113 45 159
person 0.0860 270 144 334 309
person 0.0840 84 106 138 197
person 0.0834 413 170 483 289
person 0.0795 54 99 90 144
person 0.0781 78 102 94 129
person 0.0777 321 120 379 311
person 0.0776 40 102 84 163
person 0.0774 34 109 58 148
person 0.0766 297 102 404 230
person 0.0765 221 103 336 316
person 0.0754 297 102 353 191
person 0.0752 316 129 355 224
person 0.0748 60 99 117 218
person 0.0747 277 239 457 362
person 0.0738 295 98 322 135
person 0.0721 28 110 43 141
person 0.0721 258 88 283 120
person 0.0714 98 99 123 140
person 0.0712 121 103 153 157
person 0.0668 39 105 54 131
person 0.0665 66 97 85 120
person 0.0659 452 91 486 153
person 0.0647 31 107 45 129
person 0.0635 50 98 69 127
person 0.0630 284 95 307 132
person 0.0604 91 101 111 136
person 0.0601 199 83 238 165
person 0.0597 337 107 361 145
person 0.0575 12 115 36 158
person 0.0574 462 69 489 216
person 0.0573 56 98 67 116
person 0.0561 9 103 18 143
person 0.0558 74 96 90 115
chair 0.0556 308 210 354 297
person 0.0556 45 99 53 115
person 0.0546 46 104 63 126
person 0.0527 11 107 29 146
person 0.0522 228 90 264 129
person 0.0512 146 93 201 220
person 0.0510 95 98 109 117
person 0.0505 224 90 279 200
