person 0.8164 95 73 134 158
person 0.6893 177 60 208 174
person 0.6160 304 61 411 288
person 0.6002 339 66 412 159
person 0.5121 213 63 250 179
person 0.4862 327 164 416 312
person 0.4304 292 106 357 226
person 0.4067 146 73 173 132
person 0.3880 102 84 168 166
person 0.3524 267 101 292 153
person 0.3315 253 111 289 173
person 0.2866 17 91 99 160
person 0.2756 144 85 180 164
person 0.2708 117 79 151 153
person 0.2171 3 84 35 151
person 0.1310 128 98 195 176
person 0.1188 260 130 340 203
person 0.1155 173 72 192 137
person 0.1143 318 83 393 222
person 0.1119 100 117 182 181
person 0.1080 237 121 298 192
car 0.0999 428 95 479 169
person 0.0990 69 77 86 110
person 0.0899 253 142 285 191
person 0.0875 67 84 97 150
person 0.0865 63 74 90 123
person 0.0824 154 81 220 173
person 0.0786 283 98 309 134
person 0.0781 295 97 323 131
person 0.0754 9 84 21 150
chair 0.0749 317 86 435 283
person 0.0681 163 79 192 165
person 0.0662 113 117 162 164
person 0.0651 13 113 86 182
person 0.0629 205 68 234 171
person 0.0582 57 80 74 107
person 0.0532 12 78 52 152
person 0.0509 268 95 287 125
person 0.0505 127 77 149 121
