person 0.9841 89 192 252 366
person 0.9742 45 189 130 338
person 0.9359 208 137 280 241
person 0.8805 428 168 488 261
person 0.7354 256 177 379 357
person 0.7148 213 258 286 370
person 0.6363 12 161 45 354
person 0.4631 381 128 442 258
person 0.4595 272 125 335 247
person 0.4407 119 183 157 253
person 0.3700 296 93 339 232
tvmonitor 0.3006 324 287 474 367
person 0.2426 239 151 315 254
person 0.2345 248 154 285 243
person 0.1984 258 217 328 370
chair 0.1781 324 287 473 366
person 0.1662 387 119 454 199
chair 0.1654 26 252 116 366
person 0.1568 264 145 308 199
person 0.1485 286 225 430 357
person 0.1366 117 183 190 265
person 0.1364 75 184 153 314
bottle 0.1156 382 156 416 257
person 0.1065 400 137 475 246
person 0.0972 186 147 258 225
person 0.0897 357 110 412 257
person 0.0817 247 163 351 293
person 0.0811 407 255 452 295
tvmonitor 0.0801 328 305 411 371
person 0.0759 9 168 49 258
chair 0.0735 388 299 436 367
diningtable 0.0667 325 289 475 368
chair 0.0615 41 186 129 348
person 0.0563 411 122 486 201
person 0.0561 428 166 471 222
person 0.0539 45 184 114 260
chair 0.0535 404 280 491 375
chair 0.0517 19 297 93 366
dog 0.0514 208 143 280 208
person 0.0508 199 198 260 347
