person 0.9999 301 263 371 459
person 0.9963 22 274 90 483
person 0.9701 167 279 229 464
person 0.2648 9 275 76 370
person 0.2624 149 283 177 360
pottedplant 0.2174 129 220 184 308
person 0.1741 128 307 141 360
person 0.1578 115 311 131 360
person 0.1248 78 279 121 451
person 0.1202 154 290 222 393
person 0.1195 138 306 153 363
person 0.1078 140 279 185 455
car 0.0889 7 274 58 356
person 0.0871 137 289 156 341
person 0.0727 205 276 250 442
person 0.0702 175 35 201 112
person 0.0639 184 389 222 473
person 0.0627 119 302 132 338
person 0.0595 213 317 239 420
person 0.0575 125 297 143 338
car 0.0555 2 280 34 350
person 0.0548 59 96 90 156
person 0.0529 187 290 230 368
