person 0.9974 84 22 202 294
person 0.9595 254 48 343 319
chair 0.9529 352 166 417 270
person 0.9514 234 62 302 247
person 0.7468 57 60 138 276
person 0.2282 227 53 293 155
person 0.1487 197 42 266 132
chair 0.1327 206 151 243 238
person 0.0959 160 24 233 244
person 0.0882 290 56 372 158
person 0.0882 187 35 259 239
person 0.0754 13 123 35 319
chair 0.0719 189 128 267 245
person 0.0609 65 62 139 170
person 0.0591 217 47 263 107
person 0.0580 94 7 196 112
chair 0.0523 199 68 257 168
chair 0.0506 227 68 296 162
