bicycle 0.9999 141 387 243 486
person 0.9997 -11 258 140 466
person 0.9969 157 326 223 465
person 0.9801 260 333 287 409
person 0.8443 144 335 170 405
tvmonitor 0.5290 26 80 74 139
person 0.5061 230 331 257 417
car 0.2378 176 177 234 208
person 0.2333 251 334 274 406
bicycle 0.2181 287 325 330 379
person 0.2077 161 323 201 403
person 0.1324 -2 220 52 365
person 0.1264 116 328 142 391
person 0.1249 219 350 250 436
person 0.0873 192 336 227 463
person 0.0813 290 323 321 381
person 0.0813 66 296 138 485
person 0.0778 156 331 178 373
person 0.0724 254 259 269 285
person 0.0691 180 258 207 309
pottedplant 0.0686 119 249 189 322
pottedplant 0.0672 222 208 265 248
chair 0.0667 2 149 64 248
person 0.0621 105 316 131 356
pottedplant 0.0620 281 297 352 362
pottedplant 0.0606 212 289 286 371
person 0.0584 246 258 259 283
person 0.0581 143 382 241 475
pottedplant 0.0571 292 313 330 372
person 0.0569 130 332 153 393
person 0.0568 160 330 175 352
person 0.0561 143 332 166 365
car 0.0549 97 224 125 242
person 0.0533 166 327 180 347
person 0.0523 211 317 259 445
