person 0.9861 193 297 219 374
bicycle 0.9842 51 342 144 419
person 0.6539 113 291 135 352
bicycle 0.5766 327 308 367 353
person 0.5214 66 292 116 411
bicycle 0.3834 153 333 181 395
pottedplant 0.2878 39 167 75 211
motorbike 0.2831 325 305 366 352
chair 0.2823 264 83 339 156
pottedplant 0.1309 45 183 67 236
person 0.1108 153 333 181 395
person 0.1017 89 298 110 365
pottedplant 0.0947 31 173 58 208
person 0.0870 255 286 267 332
dog 0.0824 153 337 182 396
pottedplant 0.0808 19 176 75 254
pottedplant 0.0761 0 207 66 332
person 0.0736 333 296 365 343
pottedplant 0.0668 251 216 294 259
person 0.0562 100 303 132 387
pottedplant 0.0554 7 177 31 215
person 0.0547 111 290 127 329
pottedplant 0.0524 47 151 77 198
person 0.0513 250 285 262 331
pottedplant 0.0506 23 204 53 234
chair 0.0502 270 84 330 124
