person 0.7498 134 115 170 230
person 0.6242 239 105 268 231
person 0.6144 266 111 297 232
person 0.6021 178 109 210 220
car 0.5966 308 95 366 126
person 0.3800 186 109 230 239
person 0.3451 204 103 233 214
person 0.2189 284 116 312 223
person 0.1483 217 100 240 227
cow 0.1434 200 156 237 232
dog 0.1416 236 154 274 236
person 0.1212 185 112 209 155
person 0.1152 236 111 257 207
person 0.1077 202 103 239 152
person 0.0968 187 108 216 181
person 0.0963 253 134 289 233
dog 0.0838 245 165 296 237
person 0.0813 200 156 237 232
person 0.0807 245 110 268 154
person 0.0732 297 100 317 149
person 0.0673 194 109 219 144
horse 0.0623 181 142 236 235
car 0.0622 343 93 405 121
car 0.0616 305 66 369 128
horse 0.0590 236 154 274 236
car 0.0589 309 83 348 117
person 0.0582 258 112 281 204
cow 0.0559 236 154 274 236
car 0.0556 368 93 433 117
person 0.0535 241 109 256 139
car 0.0531 466 90 483 108
person 0.0524 147 110 190 237
person 0.0521 240 119 271 178
person 0.0503 220 107 247 138
