person 0.9981 162 118 263 354
sofa 0.3436 21 -7 76 350
chair 0.1824 347 279 440 352
chair 0.1367 21 -7 76 350
tvmonitor 0.0945 432 115 488 208
chair 0.0738 424 291 494 359
person 0.0640 307 237 320 262
diningtable 0.0627 275 284 469 357
person 0.0601 321 234 333 262
chair 0.0587 348 304 419 346
person 0.0576 291 95 307 121
person 0.0557 292 244 304 270
chair 0.0554 329 272 400 348
person 0.0546 280 93 291 116
person 0.0528 300 97 316 128
person 0.0528 312 236 324 259
bottle 0.0527 278 275 362 356
tvmonitor 0.0524 353 115 434 195
person 0.0521 432 114 489 211
person 0.0502 283 95 295 120
chair 0.0501 360 317 432 356
