person 0.9978 178 160 374 351
person 0.9929 115 106 196 211
person 0.8818 189 107 257 214
person 0.8724 300 102 343 183
person 0.8536 229 224 412 377
chair 0.4487 398 300 486 364
person 0.4322 120 106 170 156
tvmonitor 0.4005 387 111 460 167
person 0.3628 212 100 250 193
person 0.3395 206 124 292 226
person 0.2671 366 84 399 121
chair 0.2537 317 214 394 321
person 0.2136 315 112 385 195
person 0.2001 401 94 467 160
chair 0.1799 322 133 393 210
person 0.1691 435 123 493 257
person 0.1325 317 214 394 321
person 0.1302 352 84 416 154
person 0.1283 268 116 338 200
chair 0.1262 182 140 220 213
person 0.1060 244 165 324 249
person 0.0990 269 115 291 145
chair 0.0840 416 267 494 355
person 0.0821 254 108 289 145
person 0.0775 153 62 181 136
person 0.0771 9 141 20 213
chair 0.0743 195 133 233 219
person 0.0732 82 179 225 349
chair 0.0732 345 138 400 175
chair 0.0707 332 112 385 168
person 0.0694 295 106 330 161
person 0.0689 457 109 483 265
person 0.0671 324 159 394 271
person 0.0647 240 104 305 203
tvmonitor 0.0635 77 220 141 309
tvmonitor 0.0628 114 124 188 213
chair 0.0620 84 75 115 141
person 0.0596 239 103 274 138
person 0.0587 430 97 472 152
person 0.0582 456 121 489 173
person 0.0569 340 112 410 205
diningtable 0.0565 140 165 412 340
diningtable 0.0542 174 213 262 247
person 0.0534 379 112 451 209
chair 0.0533 128 315 278 369
chair 0.0532 372 295 453 371
chair 0.0532 421 160 495 276
chair 0.0522 418 231 484 311
tvmonitor 0.0512 187 112 225 189
person 0.0504 424 112 483 209
chair 0.0501 351 218 393 307
