person 0.9999 30 11 188 280
bicycle 0.9897 15 145 191 302
person 0.4621 205 265 229 309
person 0.2168 327 235 361 305
person 0.1585 273 289 280 305
person 0.1574 223 272 239 306
person 0.1541 361 249 393 308
person 0.1353 242 295 253 310
person 0.1279 239 285 249 302
person 0.1258 237 291 249 311
person 0.1243 251 293 259 307
person 0.1204 270 283 278 304
person 0.1149 230 285 243 308
person 0.1138 174 256 201 307
horse 0.1043 295 238 416 305
person 0.0883 271 275 282 300
person 0.0827 259 292 268 307
person 0.0818 243 279 253 295
person 0.0803 255 284 263 301
person 0.0660 210 277 223 301
bicycle 0.0655 65 28 188 292
person 0.0575 264 277 273 294
