person 0.9996 33 89 188 310
person 0.9862 218 113 321 248
person 0.2368 193 111 266 236
person 0.1968 197 0 265 60
sofa 0.1510 204 139 337 289
person 0.1448 239 1 272 43
person 0.1286 343 208 400 255
person 0.1068 281 1 314 45
person 0.0910 221 1 289 71
person 0.0871 241 118 317 198
person 0.0836 256 90 326 176
bottle 0.0730 157 129 198 247
bottle 0.0724 399 132 439 216
person 0.0720 273 3 299 39
person 0.0674 150 48 201 178
person 0.0668 262 5 281 34
chair 0.0587 34 154 114 315
person 0.0550 286 213 376 309
person 0.0548 87 179 162 283
person 0.0541 128 237 202 324
