person 0.9335 415 216 482 310
person 0.8206 11 133 39 347
motorbike 0.8055 395 184 462 246
person 0.6559 42 150 72 270
person 0.5280 16 129 59 323
person 0.4447 294 160 307 209
person 0.3105 298 161 313 209
person 0.2914 407 176 452 243
motorbike 0.2186 386 189 421 242
person 0.1884 409 225 449 308
car 0.1691 135 176 162 199
car 0.1559 162 175 199 197
person 0.1542 263 162 273 201
person 0.1227 282 159 291 202
motorbike 0.0978 413 214 484 311
car 0.0975 150 174 184 195
bicycle 0.0936 395 190 463 244
person 0.0840 111 176 120 197
person 0.0761 215 168 242 210
car 0.0695 115 179 122 194
car 0.0681 84 178 95 193
person 0.0669 430 149 473 194
person 0.0656 63 170 76 220
person 0.0656 258 164 269 201
car 0.0641 135 183 147 198
car 0.0635 96 180 105 194
person 0.0633 118 176 127 195
person 0.0632 477 163 489 251
car 0.0619 157 182 170 198
person 0.0615 115 179 122 194
person 0.0604 67 170 78 203
person 0.0585 94 177 105 195
person 0.0555 75 170 86 193
car 0.0530 215 172 243 211
car 0.0526 124 180 132 196
car 0.0511 90 178 101 192
