horse 0.9964 64 137 270 258
horse 0.9877 317 168 455 277
horse 0.9518 155 162 308 273
person 0.7089 119 109 165 244
person 0.6604 373 128 409 228
horse 0.5877 52 162 140 284
horse 0.5415 2 193 123 348
person 0.3757 15 182 57 247
person 0.3305 62 152 139 278
person 0.3120 52 192 89 255
person 0.2699 320 161 381 246
horse 0.2579 392 174 460 271
person 0.2436 303 187 340 250
person 0.2161 20 203 118 362
person 0.2078 226 133 261 221
person 0.1884 6 179 39 228
horse 0.1696 264 147 430 262
pottedplant 0.1316 87 43 173 110
dog 0.1286 393 174 461 274
person 0.1239 361 169 394 250
horse 0.1167 250 171 339 268
person 0.1153 12 176 26 214
motorbike 0.1142 318 159 383 251
person 0.1121 26 181 85 252
person 0.1047 433 166 452 222
person 0.0864 423 165 454 254
person 0.0812 339 150 412 241
horse 0.0808 196 166 268 270
person 0.0733 459 190 492 250
person 0.0729 451 157 464 192
horse 0.0724 293 173 386 270
person 0.0722 374 168 405 257
person 0.0687 93 122 152 257
motorbike 0.0671 303 198 346 253
person 0.0609 310 173 359 238
person 0.0603 381 137 412 196
person 0.0581 395 176 462 271
person 0.0578 445 165 463 213
person 0.0569 316 199 352 264
person 0.0558 239 165 316 261
horse 0.0515 53 152 197 226
person 0.0507 468 165 481 193
