person 0.9999 124 77 383 314
chair 0.9730 1 188 103 299
diningtable 0.9011 336 173 454 296
bottle 0.8322 89 283 127 363
diningtable 0.5344 0 282 475 353
chair 0.4942 418 176 488 297
chair 0.3029 349 180 443 302
bottle 0.2269 261 322 286 369
chair 0.1432 1 192 41 294
chair 0.1128 6 170 72 243
chair 0.1072 405 157 482 230
diningtable 0.0789 395 178 482 295
chair 0.0705 16 185 58 290
diningtable 0.0698 48 274 279 358
chair 0.0696 442 241 485 316
chair 0.0676 25 178 126 270
chair 0.0629 346 159 377 226
chair 0.0615 30 172 76 224
chair 0.0598 325 165 409 258
diningtable 0.0595 0 307 472 404
chair 0.0586 15 239 97 307
chair 0.0568 361 171 393 255
chair 0.0563 307 169 355 217
chair 0.0509 392 158 466 289
