person 0.9882 54 122 161 351
chair 0.9820 403 236 479 352
person 0.9353 5 161 32 250
person 0.9341 305 149 349 331
person 0.9009 142 144 196 320
person 0.8948 339 154 406 358
person 0.7444 200 159 300 373
person 0.7079 30 163 56 268
person 0.5466 42 151 85 330
chair 0.5383 391 237 446 332
person 0.3616 313 154 350 249
person 0.3299 133 150 193 226
person 0.2980 52 147 84 221
person 0.2948 19 171 48 257
person 0.2693 221 162 278 244
person 0.2475 295 159 325 221
person 0.2280 280 155 330 331
person 0.1872 113 145 178 337
person 0.1577 6 157 33 202
person 0.1389 306 155 342 215
person 0.1387 102 141 170 234
chair 0.1369 460 297 491 364
diningtable 0.1353 264 186 323 231
person 0.1346 296 131 391 357
person 0.1170 283 161 317 198
person 0.1158 47 154 75 265
person 0.1147 282 159 340 236
person 0.1081 34 138 57 184
person 0.1070 55 137 87 189
person 0.1068 253 155 307 326
person 0.1024 252 164 284 222
person 0.1012 253 164 317 236
chair 0.0908 294 215 324 305
person 0.0849 13 161 26 201
chair 0.0839 431 242 472 321
person 0.0783 150 151 193 195
person 0.0736 41 131 77 182
person 0.0733 25 153 43 192
person 0.0705 7 158 21 216
chair 0.0662 437 282 490 360
person 0.0655 241 163 277 200
person 0.0623 118 172 156 219
chair 0.0620 216 272 289 371
person 0.0615 20 166 33 194
person 0.0606 319 157 348 198
person 0.0584 296 156 328 185
person 0.0562 10 168 28 223
person 0.0551 182 204 204 268
person 0.0545 79 139 146 247
person 0.0532 31 150 46 176
chair 0.0528 386 235 420 311
person 0.0526 64 144 103 188
person 0.0525 56 144 120 240
person 0.0520 22 159 32 181
