person 0.9980 188 195 315 417
car 0.8932 275 194 350 286
person 0.6620 103 186 204 411
person 0.5172 167 204 246 405
car 0.2315 284 191 348 243
chair 0.1425 94 256 203 421
person 0.1418 154 196 183 262
person 0.1363 228 215 294 305
person 0.1255 125 205 195 316
person 0.1193 239 216 320 359
pottedplant 0.1182 283 321 338 401
sofa 0.1083 114 227 324 412
chair 0.0836 45 263 82 341
chair 0.0757 98 267 169 376
pottedplant 0.0678 293 330 335 377
chair 0.0579 60 267 93 332
person 0.0546 269 212 338 426
person 0.0535 276 192 345 322
