person 0.9821 359 157 387 242
person 0.9807 400 170 437 241
person 0.4762 264 171 278 213
person 0.4734 238 174 249 212
person 0.4208 329 168 348 220
person 0.3750 186 177 198 216
person 0.3359 160 175 172 215
person 0.3333 176 177 186 215
person 0.3146 7 187 16 257
person 0.3128 228 174 239 211
person 0.2890 215 177 224 211
person 0.2806 254 173 265 211
person 0.2690 297 174 309 211
person 0.2521 200 177 211 213
person 0.2316 74 175 86 217
person 0.2025 150 177 162 213
person 0.1601 281 175 290 209
person 0.1194 276 172 285 210
person 0.1084 211 181 220 206
person 0.1046 184 181 193 206
person 0.1019 369 152 400 223
person 0.0997 204 178 214 201
person 0.0975 198 181 208 206
person 0.0968 224 181 233 207
person 0.0960 258 176 267 201
person 0.0946 248 180 259 208
person 0.0932 190 178 200 200
person 0.0872 170 180 181 207
person 0.0858 186 177 194 192
person 0.0852 200 177 208 193
person 0.0840 211 177 219 193
person 0.0838 291 175 304 210
person 0.0821 249 175 257 193
person 0.0820 223 176 232 193
person 0.0809 260 179 272 208
person 0.0802 164 177 175 201
person 0.0775 176 176 184 196
person 0.0763 235 175 244 193
person 0.0755 214 175 222 195
person 0.0748 227 174 236 196
person 0.0742 270 178 282 208
person 0.0739 218 184 227 210
person 0.0695 241 173 248 186
person 0.0674 273 174 283 193
person 0.0673 321 175 334 212
person 0.0666 263 174 272 193
person 0.0644 78 177 89 197
person 0.0636 190 175 197 187
person 0.0634 231 173 239 187
person 0.0631 231 184 241 210
person 0.0621 390 165 417 227
person 0.0613 250 170 256 180
person 0.0590 205 175 212 187
person 0.0589 254 177 262 195
person 0.0584 217 173 225 187
person 0.0580 257 174 265 187
person 0.0565 179 175 187 187
person 0.0559 338 176 353 227
person 0.0545 88 179 97 201
person 0.0534 265 178 277 198
person 0.0520 154 181 164 206
person 0.0513 160 174 170 196
person 0.0508 84 176 93 192
person 0.0502 144 179 153 208
