person 0.9663 184 144 231 297
person 0.9450 357 118 389 188
person 0.9054 141 131 168 202
person 0.8065 265 124 291 195
person 0.7949 308 121 330 178
person 0.7755 171 116 196 199
person 0.7089 102 108 120 162
person 0.6843 190 117 219 183
person 0.6515 58 102 87 166
bicycle 0.5806 3 126 92 179
person 0.5794 215 117 245 188
motorbike 0.5221 12 118 94 177
person 0.3992 43 100 73 165
person 0.2696 74 96 93 151
person 0.2538 243 116 271 185
bicycle 0.2264 254 136 288 205
person 0.2233 158 104 169 130
person 0.2156 64 91 84 138
person 0.2085 94 99 111 151
person 0.2048 289 119 308 173
bicycle 0.2023 5 132 53 173
person 0.1963 130 121 143 152
person 0.1956 154 97 167 122
person 0.1882 134 113 142 135
person 0.1830 31 104 63 166
person 0.1809 204 115 231 179
person 0.1642 254 109 265 134
person 0.1619 243 106 255 133
person 0.1614 116 114 127 155
person 0.1566 259 112 279 164
person 0.1549 236 106 253 161
person 0.1515 229 108 243 133
person 0.1493 266 112 278 134
person 0.1447 50 95 68 136
person 0.1369 246 108 266 162
person 0.1347 175 103 185 121
person 0.1284 149 100 158 119
person 0.1272 137 111 146 128
person 0.1259 24 108 89 175
person 0.1244 228 111 255 186
person 0.1233 139 101 148 121
person 0.1205 234 107 247 129
person 0.1191 152 101 161 120
person 0.1184 119 110 128 141
person 0.1182 151 108 160 131
person 0.1171 177 110 187 126
person 0.1167 154 107 165 125
person 0.1156 300 119 320 168
person 0.1153 123 109 131 131
person 0.1143 263 110 274 130
person 0.1136 272 119 292 167
person 0.1124 163 99 175 119
person 0.1109 104 103 121 138
person 0.1099 136 105 144 121
person 0.1079 190 108 200 123
person 0.1078 249 108 260 130
person 0.1066 212 109 227 131
person 0.1065 220 108 234 127
person 0.1061 82 95 96 125
person 0.1029 181 103 190 119
person 0.1019 237 105 247 121
person 0.1000 159 96 170 113
person 0.0994 153 99 159 110
person 0.0956 156 115 171 157
person 0.0955 126 103 134 122
person 0.0941 187 110 198 127
person 0.0940 242 110 251 125
person 0.0938 42 105 61 142
person 0.0932 274 113 284 131
person 0.0928 221 106 231 121
person 0.0925 230 107 238 122
person 0.0923 204 108 216 124
person 0.0914 141 100 148 113
person 0.0901 138 99 144 110
person 0.0880 278 116 290 135
aeroplane 0.0874 419 109 498 175
person 0.0871 126 120 147 171
person 0.0856 52 107 79 136
person 0.0852 319 128 340 177
person 0.0849 188 134 226 216
person 0.0846 199 106 207 119
person 0.0825 153 124 172 183
person 0.0806 224 111 241 145
person 0.0796 194 111 207 127
person 0.0793 151 95 159 107
person 0.0785 110 103 121 123
person 0.0779 198 113 214 141
person 0.0779 248 104 258 121
person 0.0775 174 114 184 139
person 0.0763 131 111 139 126
person 0.0757 175 100 183 114
person 0.0754 47 98 60 126
person 0.0752 260 105 269 122
person 0.0743 120 102 129 119
person 0.0735 145 123 161 157
person 0.0733 292 119 301 135
person 0.0730 146 111 155 126
person 0.0729 291 120 304 145
person 0.0721 95 99 110 124
person 0.0712 64 98 76 120
person 0.0685 280 111 288 126
person 0.0684 165 111 181 126
person 0.0682 155 89 163 100
motorbike 0.0674 62 124 98 169
person 0.0674 210 106 221 120
person 0.0656 245 103 253 115
person 0.0656 287 116 296 131
person 0.0649 142 89 149 99
person 0.0638 104 101 115 119
person 0.0631 70 90 83 115
bus 0.0629 417 115 495 149
car 0.0627 417 115 495 149
person 0.0619 21 102 41 149
person 0.0613 136 97 142 108
person 0.0611 164 93 173 108
person 0.0606 193 103 199 115
person 0.0603 272 107 281 122
person 0.0603 112 102 120 115
person 0.0598 253 102 263 115
person 0.0595 302 121 316 150
person 0.0595 86 104 105 132
person 0.0589 294 114 301 126
person 0.0585 178 118 200 176
person 0.0584 113 107 128 129
person 0.0580 67 96 80 114
person 0.0572 96 117 114 163
bicycle 0.0569 358 130 386 198
person 0.0555 233 102 240 114
person 0.0547 160 89 168 100
person 0.0543 79 98 91 114
person 0.0536 300 118 308 132
person 0.0530 303 119 314 138
person 0.0528 94 99 105 115
person 0.0524 124 102 131 112
person 0.0524 184 115 197 140
person 0.0522 267 103 275 115
car 0.0506 152 126 165 141
