person 0.9787 360 185 393 266
person 0.9025 290 179 342 322
person 0.8837 163 191 195 298
person 0.8093 259 188 287 247
person 0.7587 23 206 50 272
person 0.5422 9 196 20 260
person 0.5101 69 189 81 235
person 0.4850 190 200 228 303
person 0.4493 36 194 54 251
person 0.3856 443 187 467 232
person 0.3605 56 191 67 237
person 0.2870 74 188 85 235
person 0.2268 452 187 477 226
person 0.2169 153 192 173 269
person 0.1802 401 190 411 219
person 0.1711 323 181 356 267
person 0.1679 373 188 399 250
person 0.1608 152 198 165 245
person 0.1376 408 191 417 215
person 0.1346 79 189 88 223
person 0.1337 412 190 420 212
person 0.1298 405 189 414 212
person 0.1281 441 189 457 226
person 0.1174 424 194 431 211
person 0.1039 42 191 54 229
person 0.1022 240 192 249 219
person 0.0982 439 190 450 220
person 0.0976 272 183 294 231
person 0.0957 419 190 426 208
person 0.0956 28 193 45 243
person 0.0954 404 190 412 203
person 0.0939 430 190 437 209
person 0.0899 149 195 162 230
person 0.0872 283 183 305 249
person 0.0859 252 191 265 226
person 0.0847 82 189 89 211
person 0.0835 254 188 262 209
person 0.0833 466 186 481 215
person 0.0811 71 186 79 213
person 0.0796 386 192 396 211
person 0.0774 235 197 242 217
person 0.0771 58 188 65 212
person 0.0765 387 189 401 215
person 0.0762 424 190 434 216
person 0.0760 264 186 283 223
person 0.0756 403 188 408 200
person 0.0754 230 192 239 216
person 0.0752 438 191 446 211
person 0.0746 441 188 454 209
person 0.0746 67 188 77 208
person 0.0743 394 188 405 208
person 0.0742 448 190 460 214
bus 0.0741 114 158 263 272
person 0.0740 6 194 28 244
person 0.0726 263 186 276 210
person 0.0712 387 187 394 199
person 0.0707 337 182 360 231
person 0.0706 388 189 398 203
person 0.0705 74 184 83 202
person 0.0673 85 185 93 200
person 0.0660 94 189 101 206
person 0.0660 59 188 70 216
person 0.0657 433 195 444 219
person 0.0654 45 193 53 215
person 0.0652 408 186 415 197
person 0.0650 425 191 433 204
person 0.0648 82 182 89 196
person 0.0645 224 199 235 219
person 0.0641 61 185 69 203
person 0.0641 70 183 78 197
person 0.0630 276 186 291 212
person 0.0614 216 197 228 223
person 0.0591 300 234 338 325
person 0.0590 119 194 129 216
person 0.0578 259 188 269 209
person 0.0578 390 193 408 238
person 0.0576 419 186 426 197
person 0.0570 450 188 462 204
person 0.0566 396 186 404 197
person 0.0559 94 183 100 195
person 0.0552 416 195 426 217
person 0.0549 155 188 174 223
person 0.0540 405 181 411 190
person 0.0538 440 188 448 203
person 0.0538 247 196 256 219
person 0.0525 265 181 278 199
person 0.0524 138 196 146 217
person 0.0523 374 187 386 202
person 0.0521 95 194 105 217
person 0.0517 48 188 55 204
person 0.0505 154 196 166 219
person 0.0503 107 195 121 218
