person 0.9992 245 30 413 352
person 0.9985 41 55 225 356
person 0.7057 410 170 494 368
person 0.2592 381 151 472 329
diningtable 0.1473 359 201 436 272
chair 0.1229 337 210 417 300
person 0.1194 289 138 448 348
chair 0.1103 311 178 358 230
person 0.1085 224 288 292 367
chair 0.0900 36 274 97 361
chair 0.0842 332 178 367 225
person 0.0702 411 171 490 264
person 0.0647 164 265 189 338
chair 0.0565 91 279 171 364
chair 0.0563 330 215 368 280
person 0.0537 136 129 247 350
chair 0.0534 338 215 392 273
