person 0.9056 421 206 481 284
person 0.9013 367 199 411 246
person 0.3229 146 121 188 200
person 0.2044 293 141 319 186
bottle 0.1406 241 237 270 287
sofa 0.0926 392 204 483 276
bottle 0.0863 170 236 184 271
chair 0.0745 72 297 194 374
person 0.0745 390 203 426 245
bottle 0.0683 256 236 279 288
person 0.0682 437 203 485 251
bottle 0.0658 179 292 199 359
bottle 0.0655 297 236 356 292
person 0.0647 356 205 415 275
chair 0.0620 19 315 167 371
pottedplant 0.0565 0 8 140 315
bottle 0.0551 224 240 263 290
person 0.0543 0 30 136 338
