person 0.9988 75 129 194 353
person 0.9987 226 150 281 309
person 0.9987 348 141 402 296
person 0.9849 407 131 454 280
person 0.6931 283 141 336 272
person 0.5821 215 151 241 239
person 0.4984 471 140 495 229
person 0.4666 8 158 72 371
person 0.4600 437 132 466 238
person 0.3776 387 136 436 288
person 0.2551 475 143 487 224
person 0.1896 367 138 405 221
person 0.1871 83 165 97 225
person 0.1524 345 142 373 208
person 0.1432 236 143 275 245
person 0.1406 241 147 270 189
person 0.1377 219 155 237 199
person 0.1347 123 166 133 199
person 0.1303 227 152 259 252
person 0.1264 213 158 229 216
person 0.1233 430 126 477 273
person 0.1137 397 134 436 222
bicycle 0.1130 282 183 340 268
person 0.1110 320 148 351 218
person 0.1099 129 168 139 193
person 0.1079 231 145 257 197
person 0.1054 372 136 403 182
person 0.1037 289 188 329 265
person 0.1017 12 177 43 373
person 0.0939 175 145 222 336
person 0.0924 111 163 121 199
person 0.0913 325 148 348 187
bicycle 0.0884 261 212 335 281
person 0.0849 216 157 230 188
bicycle 0.0821 411 172 485 271
person 0.0762 345 148 364 189
person 0.0729 134 170 144 192
person 0.0711 330 144 346 169
person 0.0707 386 137 413 204
person 0.0675 413 126 443 167
person 0.0665 203 152 256 313
person 0.0663 93 163 105 207
person 0.0657 469 148 489 194
person 0.0656 389 137 412 173
person 0.0644 429 125 456 165
person 0.0644 347 143 362 172
person 0.0641 270 168 297 242
person 0.0634 126 167 135 187
person 0.0621 227 151 241 175
person 0.0618 261 155 278 216
person 0.0616 300 147 340 194
person 0.0611 280 158 313 249
person 0.0595 235 148 254 179
person 0.0591 438 134 467 183
person 0.0582 250 148 266 173
person 0.0575 115 167 124 196
person 0.0569 230 155 247 180
bicycle 0.0567 445 179 493 234
person 0.0564 386 159 414 256
person 0.0527 404 131 430 163
person 0.0522 336 155 366 236
person 0.0521 309 140 339 170
person 0.0514 35 153 137 354
person 0.0512 350 138 373 175
person 0.0505 140 166 156 193
person 0.0504 475 145 488 175
person 0.0503 318 178 355 252
