person 0.9843 61 56 229 430
person 0.9690 244 19 348 230
person 0.8861 112 4 164 119
person 0.7836 240 1 285 93
person 0.5953 183 4 226 89
person 0.3166 159 0 194 85
person 0.2331 320 5 352 62
person 0.2122 350 4 367 59
person 0.2005 218 0 251 59
person 0.1879 275 10 352 98
person 0.1641 258 27 325 102
person 0.1592 238 37 291 115
person 0.1187 164 8 219 119
person 0.1029 315 13 374 196
person 0.0951 287 4 337 60
person 0.0668 228 0 264 67
person 0.0629 167 1 226 48
person 0.0598 151 13 222 66
person 0.0596 272 1 299 67
person 0.0581 219 7 273 118
person 0.0505 134 36 170 114
