person 0.9967 243 37 471 258
person 0.9898 10 28 200 362
pottedplant 0.9677 184 202 448 338
person 0.8559 155 38 254 260
pottedplant 0.4943 93 -6 195 93
person 0.3668 106 41 240 344
person 0.2304 196 175 253 254
diningtable 0.2160 106 189 469 340
person 0.1442 364 48 440 127
person 0.0952 185 48 286 226
sofa 0.0900 236 40 470 240
sofa 0.0821 106 189 469 340
person 0.0819 185 130 257 291
dog 0.0802 210 205 251 263
chair 0.0772 13 71 174 346
pottedplant 0.0691 41 9 169 87
sofa 0.0626 3 34 191 354
pottedplant 0.0571 10 8 94 90
pottedplant 0.0529 267 225 365 303
