person 0.9933 73 31 454 347
bicycle 0.9715 11 148 85 224
person 0.9413 396 97 492 191
person 0.8320 135 99 174 148
person 0.5543 419 143 493 343
person 0.4979 184 32 321 153
person 0.2444 340 112 359 145
person 0.2065 382 109 472 334
person 0.1684 329 114 351 147
person 0.1076 467 108 495 183
person 0.1071 349 106 367 148
chair 0.1000 72 310 135 352
person 0.0951 411 114 494 248
person 0.0864 376 106 398 148
person 0.0752 371 110 388 143
person 0.0622 427 165 490 267
person 0.0620 478 107 488 163
person 0.0575 320 115 343 147
person 0.0571 392 106 409 145
person 0.0570 475 121 490 197
person 0.0556 118 103 134 137
chair 0.0530 320 262 411 351
person 0.0521 347 106 361 129
