person 0.9591 298 177 381 349
person 0.9006 85 181 167 355
person 0.8740 213 124 307 266
chair 0.8420 127 135 182 229
person 0.5332 12 128 45 302
person 0.4440 380 28 470 343
person 0.2619 62 96 120 234
person 0.2364 39 102 96 240
chair 0.2348 183 143 241 223
person 0.2105 10 109 66 253
person 0.2068 0 110 31 178
person 0.1706 19 109 53 180
person 0.1505 321 186 370 257
sheep 0.1244 425 177 490 262
person 0.1230 369 106 438 270
person 0.1118 83 121 149 244
person 0.1044 55 58 65 72
bottle 0.1000 368 164 398 252
person 0.0898 41 56 55 71
person 0.0895 10 116 30 163
person 0.0881 228 123 296 202
person 0.0841 324 75 435 333
person 0.0745 32 55 48 70
person 0.0705 196 151 264 237
person 0.0681 31 61 42 74
person 0.0633 252 146 311 256
chair 0.0623 78 43 110 126
person 0.0616 327 57 376 236
person 0.0576 236 141 341 305
person 0.0565 354 130 412 305
person 0.0553 50 81 69 112
boat 0.0524 0 16 82 159
person 0.0504 276 82 366 325
