person 0.9978 80 66 197 312
person 0.9418 240 69 272 162
person 0.9044 165 51 249 306
person 0.8775 72 81 129 316
person 0.8336 448 69 482 156
person 0.7873 347 66 374 162
person 0.7046 359 62 389 176
person 0.5736 384 63 418 183
person 0.4403 47 71 86 146
person 0.4064 7 73 23 156
person 0.3835 73 74 130 164
person 0.3556 181 63 253 175
person 0.2730 91 72 130 125
person 0.1790 70 75 104 139
person 0.1757 371 61 400 175
person 0.1424 434 68 460 147
person 0.1397 110 68 135 115
person 0.1189 89 68 115 108
person 0.1161 11 68 34 216
person 0.1118 123 70 155 115
person 0.0963 351 86 409 188
person 0.0936 128 66 151 98
person 0.0773 115 66 142 95
person 0.0732 342 70 365 141
person 0.0730 397 70 404 82
bottle 0.0718 117 123 181 257
person 0.0705 0 77 26 189
person 0.0703 463 73 488 148
person 0.0691 139 69 158 97
person 0.0678 413 68 420 79
person 0.0653 8 121 23 216
person 0.0605 373 62 400 118
person 0.0601 393 66 409 93
person 0.0592 384 73 393 85
person 0.0589 365 66 388 121
bottle 0.0580 95 112 126 212
person 0.0554 384 63 417 112
person 0.0552 99 76 191 164
person 0.0528 403 63 415 79
person 0.0528 413 64 423 82
person 0.0525 409 64 421 88
person 0.0524 185 104 257 212
person 0.0515 379 66 396 94
person 0.0511 8 68 18 119
