person 0.9996 293 165 355 314
person 0.9988 34 171 100 356
person 0.9927 117 178 176 361
person 0.9663 156 179 231 368
person 0.9434 348 168 372 238
person 0.8952 387 170 411 244
person 0.5427 202 160 252 255
person 0.4319 364 175 385 239
person 0.2650 378 170 401 234
person 0.1037 312 169 353 264
person 0.1012 346 158 372 198
person 0.0992 283 167 314 240
person 0.0914 337 174 364 247
motorbike 0.0895 385 175 411 245
person 0.0816 98 182 152 366
person 0.0789 255 168 304 299
person 0.0764 397 167 414 225
person 0.0755 368 170 383 212
person 0.0669 340 161 363 214
person 0.0585 382 169 396 195
person 0.0538 378 171 390 192
person 0.0535 393 166 412 198
person 0.0513 371 165 384 185
