bicycle 0.9999 265 184 407 334
bicycle 0.9996 73 220 251 369
person 0.9985 68 62 201 345
bicycle 0.9700 14 150 77 234
person 0.9660 8 105 69 209
person 0.9436 286 63 381 289
person 0.9338 257 78 314 246
person 0.4098 217 81 277 250
person 0.3519 183 65 262 239
bicycle 0.2816 175 222 248 313
bicycle 0.2690 208 154 277 248
bicycle 0.2422 438 216 492 376
person 0.1934 284 190 360 290
person 0.1858 460 106 481 288
bicycle 0.1530 242 160 328 248
person 0.1478 164 117 236 307
person 0.1380 100 64 176 139
person 0.1289 274 103 337 281
person 0.1193 112 60 167 98
bicycle 0.1190 256 185 322 279
person 0.1155 31 91 71 175
motorbike 0.1124 6 126 71 226
person 0.1023 316 66 384 200
person 0.0933 356 85 391 195
bicycle 0.0886 34 130 74 211
bicycle 0.0800 4 152 48 226
person 0.0742 261 105 303 195
bicycle 0.0737 153 215 227 296
person 0.0722 291 81 322 178
bicycle 0.0683 34 163 126 261
person 0.0651 65 77 127 190
bicycle 0.0558 232 183 281 247
person 0.0544 463 153 495 255
person 0.0531 155 61 244 175
person 0.0524 141 39 286 287
person 0.0510 273 91 315 180
bicycle 0.0501 63 114 218 341
