person 0.9961 61 129 206 338
motorbike 0.9758 426 147 494 269
person 0.9548 170 144 239 215
motorbike 0.7397 307 148 382 235
motorbike 0.5974 259 152 342 240
person 0.3592 67 140 148 229
person 0.3219 235 143 275 219
motorbike 0.2656 50 159 279 331
motorbike 0.2274 337 149 386 210
person 0.2220 259 139 277 197
motorbike 0.1820 213 160 299 256
person 0.1648 125 164 264 349
person 0.1577 432 119 489 260
person 0.1487 275 146 339 231
person 0.1430 82 138 106 171
motorbike 0.1406 175 177 307 311
bicycle 0.1391 433 164 490 265
person 0.1359 105 139 144 179
person 0.1343 299 146 340 195
motorbike 0.1302 226 140 281 224
person 0.1279 266 143 299 221
person 0.1275 84 142 98 165
person 0.1232 341 138 380 205
person 0.1202 69 145 105 181
person 0.1100 255 142 271 172
person 0.0926 136 143 219 224
person 0.0896 262 137 274 167
person 0.0840 65 151 91 178
person 0.0839 160 149 240 280
person 0.0823 33 135 148 301
motorbike 0.0817 296 155 342 223
person 0.0806 259 141 269 161
person 0.0801 249 146 265 166
person 0.0785 229 148 265 194
person 0.0783 55 263 79 348
car 0.0749 50 159 279 331
motorbike 0.0726 330 183 383 239
car 0.0725 424 113 493 174
person 0.0719 443 116 491 168
person 0.0709 271 144 288 184
person 0.0700 241 147 258 171
person 0.0652 233 149 247 167
person 0.0632 78 149 90 166
person 0.0629 204 148 229 179
person 0.0622 85 149 95 167
car 0.0621 158 153 179 170
person 0.0612 283 145 296 164
person 0.0608 186 145 226 185
person 0.0608 265 139 275 159
person 0.0606 286 147 306 183
person 0.0592 270 144 281 163
person 0.0590 81 142 116 191
person 0.0573 101 142 119 171
person 0.0573 89 147 98 163
person 0.0562 301 145 327 174
person 0.0560 66 131 133 191
person 0.0547 226 149 240 170
person 0.0517 274 144 315 197
person 0.0511 248 146 258 161
person 0.0507 276 141 286 158
