person 0.9996 136 9 265 262
person 0.9426 336 149 399 213
person 0.8854 57 146 84 220
person 0.8607 447 144 491 213
bicycle 0.7982 437 164 495 219
person 0.7762 22 123 54 202
person 0.7216 105 146 143 214
bicycle 0.6904 321 177 402 227
motorbike 0.6462 87 159 151 227
bicycle 0.5059 137 140 204 269
bicycle 0.4435 25 154 60 229
person 0.4366 166 15 189 102
person 0.2734 67 150 98 215
bicycle 0.2135 144 110 259 274
motorbike 0.1786 329 160 402 218
person 0.1021 74 153 92 186
bicycle 0.0967 42 163 80 221
person 0.0925 145 55 200 241
bicycle 0.0887 22 171 47 235
person 0.0842 64 153 134 222
person 0.0763 66 147 87 183
bicycle 0.0758 325 178 365 220
person 0.0701 81 155 110 197
bicycle 0.0677 140 123 215 214
person 0.0660 297 137 330 172
person 0.0637 106 145 132 185
person 0.0635 136 135 165 233
chair 0.0621 126 228 155 283
car 0.0584 424 94 487 168
bicycle 0.0581 26 162 93 239
person 0.0537 51 168 78 240
bicycle 0.0536 95 179 149 227
motorbike 0.0531 149 133 186 249
person 0.0530 89 151 106 179
bicycle 0.0505 150 135 186 249
person 0.0501 65 144 81 167
bicycle 0.0500 342 191 410 221
