bicycle 0.9998 40 167 181 325
bicycle 0.9656 224 166 403 319
person 0.9351 46 73 172 281
person 0.9241 223 89 385 280
person 0.8503 370 2 452 268
person 0.7935 346 1 412 123
person 0.7749 196 45 252 242
person 0.7173 286 3 349 88
person 0.6063 250 24 304 106
person 0.5678 3 19 58 128
person 0.5486 145 46 211 137
person 0.5462 56 31 90 83
person 0.4855 433 13 487 239
person 0.4203 168 53 232 246
person 0.3762 111 66 218 245
person 0.3682 71 31 105 78
person 0.3330 407 23 472 126
person 0.3003 417 -6 476 72
person 0.2936 235 0 293 78
person 0.2297 458 32 482 245
person 0.2271 132 16 172 67
person 0.2148 104 59 187 183
person 0.2092 96 26 129 80
person 0.2077 296 16 356 211
person 0.2061 0 38 61 261
person 0.2043 215 63 279 261
person 0.1981 324 53 396 241
person 0.1960 242 34 302 201
car 0.1739 4 225 41 267
person 0.1677 203 44 255 145
person 0.1505 47 39 78 109
person 0.1503 257 127 347 297
person 0.1491 99 37 141 108
person 0.1406 467 0 496 92
person 0.1358 115 30 192 109
person 0.1327 126 23 154 88
person 0.1320 246 83 313 282
bicycle 0.1311 322 262 481 327
person 0.1287 81 22 117 69
person 0.1282 143 18 210 98
person 0.1251 174 3 211 68
car 0.1156 377 273 486 327
bicycle 0.1089 92 160 176 265
bicycle 0.1042 328 165 455 314
person 0.0998 1 0 37 70
person 0.0985 103 103 177 259
person 0.0985 273 27 335 210
person 0.0970 252 50 346 156
person 0.0957 375 -2 438 120
person 0.0827 197 -3 268 71
person 0.0789 22 7 77 284
person 0.0727 170 42 234 128
person 0.0720 155 11 200 69
person 0.0689 464 38 490 133
person 0.0689 427 4 485 112
person 0.0689 218 40 285 133
person 0.0686 38 62 111 269
person 0.0664 379 -2 452 60
person 0.0599 298 66 410 150
person 0.0589 389 28 438 87
person 0.0588 7 0 24 66
person 0.0587 467 4 491 54
chair 0.0569 407 201 481 282
person 0.0564 275 81 378 212
person 0.0564 16 29 53 196
person 0.0560 238 0 278 44
person 0.0542 105 24 138 68
