chair 0.9929 1 121 248 356
person 0.9893 147 127 290 335
chair 0.5234 147 167 295 356
person 0.2599 277 41 310 80
chair 0.1725 237 266 297 359
person 0.1463 7 89 250 346
tvmonitor 0.0824 221 26 270 77
chair 0.0762 265 279 341 366
tvmonitor 0.0723 420 151 486 231
person 0.0676 101 117 120 156
person 0.0675 253 29 287 81
chair 0.0645 301 126 421 191
person 0.0620 213 86 245 141
person 0.0611 94 122 110 155
tvmonitor 0.0606 289 172 446 260
person 0.0603 79 125 94 153
person 0.0580 415 251 493 333
person 0.0559 477 133 487 202
person 0.0553 170 85 209 134
person 0.0534 229 90 255 136
chair 0.0533 262 309 307 362
chair 0.0520 66 215 168 285
person 0.0518 468 132 492 202
chair 0.0515 183 254 300 366
tvmonitor 0.0508 0 66 64 221
person 0.0507 72 130 84 156
person 0.0504 450 142 481 196
tvmonitor 0.0502 170 23 294 82
